36:2:72:1

## LAYERS:
0.438400	-0.411300	-0.222200	0.191600	0.279400	0.333600	0.038700	-0.450700	0.165000	-0.357800	-0.263700	-0.497200	0.369100	-0.494000	0.276400	-0.107300	-0.445900	-0.157300	0.417300	0.073700	0.021200	0.036900	-0.243200	0.143000	0.078300	-0.346900	-0.213700	0.012400	-0.093200	-0.186400	-0.107000	0.480300	-0.097700	-0.194100	-0.193000	0.316800	

0.074000	-0.034300	0.455500	-0.026400	-0.268400	-0.466500	0.425800	-0.383900	-0.036400	-0.249200	0.254700	0.296500	-0.251600	-0.094400	-0.429600	0.203800	0.003400	-0.315700	-0.165100	0.268400	0.430100	0.036900	0.221700	0.244700	-0.385000	0.293800	-0.137800	-0.184000	-0.069600	0.138800	-0.177800	-0.495700	-0.395600	-0.222400	-0.022200	0.471100	0.446300	-0.461300	-0.412900	-0.090200	-0.210600	0.341800	-0.293800	-0.327100	0.382500	0.411800	0.376700	-0.114100	-0.404000	0.346700	0.289400	-0.474000	-0.481300	0.011000	-0.094200	-0.366400	-0.195300	-0.096900	-0.050400	-0.129700	-0.458200	0.271700	-0.490300	0.281400	-0.450700	-0.012500	0.252400	0.130700	0.026100	0.339500	-0.459600	-0.049300	

0.463900	-0.159900	

## WEIGHTS:
-0.360600	0.345700	0.001200	0.304300	0.123000	0.237400	-0.057800	-0.008000	-0.121500	0.353800	0.019900	-0.067500	0.331600	-0.062900	0.141400	-0.147300	0.109200	0.398100	0.495700	-0.312600	0.186300	0.417100	0.199700	0.228200	-0.269400	-0.407400	0.208500	0.132800	-0.466300	0.150600	-0.415300	-0.327000	-0.368600	0.085800	0.112500	-0.110400	0.458300	-0.445400	0.381500	-0.163200	0.043500	-0.463500	-0.095600	-0.124900	-0.391200	0.180900	0.227700	0.217900	0.078900	-0.141500	0.040400	-0.234800	-0.224500	-0.260000	0.493300	0.006100	0.467700	-0.163100	0.274000	-0.498700	0.122700	0.358700	0.309500	0.254000	-0.420400	-0.442900	-0.356500	-0.462100	0.246800	0.160200	-0.490200	-0.209700	
-0.168200	-0.450700	0.165300	-0.424300	0.230200	-0.471900	-0.071300	0.444200	-0.113400	0.469000	0.344500	0.162000	0.344100	-0.027000	0.303200	0.311800	0.309800	0.077200	-0.051800	-0.432400	-0.429000	0.392800	-0.043200	0.285700	0.449800	-0.264600	-0.041300	0.196600	0.030700	-0.031600	0.122000	0.362500	-0.347100	-0.212800	0.073300	0.383000	0.450400	-0.498000	0.327100	-0.163100	0.470900	0.171600	0.134100	0.315000	0.279700	-0.427600	-0.238100	-0.275400	-0.215300	-0.154800	-0.207800	-0.144400	-0.262000	0.248900	0.276500	0.322900	0.484200	-0.264900	0.019400	-0.349900	0.203500	0.276500	-0.487500	-0.008500	0.198800	0.085700	-0.125600	0.149200	-0.277200	0.336600	0.486000	-0.306300	
-0.356700	-0.244800	0.143800	0.422900	-0.172400	0.040800	-0.352500	0.112200	0.385900	-0.060400	0.103000	-0.376200	0.323600	-0.120600	0.081900	-0.057100	0.114400	-0.398800	0.092900	0.453000	0.377700	-0.259500	-0.055600	0.076400	-0.038600	-0.046100	0.360700	0.184100	-0.209500	-0.018100	0.012900	-0.431100	0.237000	0.291800	0.491800	0.199700	-0.167500	0.274400	0.447100	-0.281600	0.349100	0.050000	0.477300	0.172600	0.064500	0.059100	0.250600	0.314000	-0.204500	0.478700	0.267000	0.308300	0.354300	0.346500	-0.480200	0.450800	0.435600	0.380500	0.134900	0.361200	-0.137700	0.282900	0.430000	0.234400	0.074700	0.056900	-0.065900	0.042300	-0.168800	-0.118900	0.260600	-0.319800	
0.066200	-0.126900	-0.012100	-0.369400	0.432100	0.373700	0.444500	0.362700	0.352300	-0.153400	0.170900	-0.158300	0.328300	-0.174100	-0.207500	0.263800	-0.293700	0.062500	-0.239900	-0.296300	-0.154700	-0.310000	0.438000	0.055100	0.246900	-0.492800	-0.402600	0.213200	-0.111800	-0.006900	0.393400	0.089500	0.366100	-0.483600	0.220000	0.298200	0.390000	-0.200300	-0.204000	-0.122600	-0.218600	0.466900	0.219100	-0.390400	-0.207300	0.146700	0.008500	-0.365900	-0.290900	0.268500	-0.162300	0.054300	0.093700	0.410800	0.244600	0.475700	0.418000	0.341900	0.188800	0.441300	-0.165100	-0.282700	-0.334000	-0.299000	-0.266300	0.021100	0.134300	0.258800	0.320700	0.430200	0.271400	0.237300	
0.032200	-0.374400	-0.018000	-0.040000	0.272200	0.490500	0.094000	0.481200	-0.105900	0.066800	-0.329400	0.122900	-0.387200	0.415100	0.098500	0.165900	-0.107900	0.422500	-0.257700	0.227000	-0.360300	-0.091800	0.063100	-0.491500	0.429300	-0.302700	0.267300	-0.114900	0.262600	0.038600	-0.377700	0.430000	0.164100	0.104300	-0.110100	-0.428600	-0.270100	0.119100	-0.447500	-0.240900	0.321000	0.358200	0.382000	0.433700	0.273300	-0.384400	0.099500	0.300500	-0.462000	-0.023000	0.027400	-0.322300	0.385100	0.225600	-0.313900	0.314300	0.058000	0.088500	-0.300600	-0.179400	0.262200	0.456800	-0.249500	-0.438600	-0.303800	-0.224500	-0.367300	-0.074000	0.394500	0.320300	-0.179700	-0.149300	
0.178500	-0.297800	-0.215700	-0.413100	0.452900	0.019000	0.387300	0.490900	0.495900	-0.450100	0.303700	0.380900	0.275400	0.124900	-0.169600	-0.166600	-0.286600	-0.335100	-0.210900	0.475500	0.256800	-0.325300	-0.463100	0.453000	-0.049900	0.304700	-0.121100	0.479800	0.125000	0.199100	-0.169600	-0.196600	0.036400	-0.250200	-0.474600	-0.010700	0.268700	0.412600	-0.384700	-0.100300	0.097600	0.418900	0.415800	-0.127000	0.043700	-0.253900	-0.158500	-0.107800	-0.453900	0.130500	-0.497100	0.302800	0.305100	0.174900	0.255700	0.390300	-0.020500	0.269800	0.370000	-0.395600	-0.396000	-0.299700	-0.457100	0.140400	-0.049900	-0.431800	0.264800	0.353900	0.116000	0.015200	-0.246400	-0.286500	
-0.066000	-0.330700	-0.278400	0.112800	-0.449500	0.063000	-0.495000	-0.403500	0.328600	0.143000	0.034400	0.133600	-0.182200	-0.209900	0.023900	0.297200	0.195000	-0.471000	0.036800	0.298900	-0.270700	0.079600	-0.425600	-0.185500	-0.217000	0.339100	-0.331700	0.034100	-0.145800	-0.443000	-0.117300	-0.076700	-0.273800	0.104300	-0.463900	0.411800	0.302400	0.176200	-0.491800	0.131000	-0.180900	0.042600	0.399700	0.136800	-0.032200	-0.076500	-0.430900	-0.337300	-0.047500	0.105800	0.461500	-0.183100	0.320600	-0.464100	0.131300	0.238700	0.010100	-0.065300	-0.227300	-0.000500	-0.008300	0.155300	0.057900	-0.147000	0.394700	-0.270900	-0.235200	0.197100	0.405200	0.408100	0.463200	0.359400	
-0.414200	0.362800	-0.368700	-0.311300	0.421500	0.335600	-0.148700	-0.490900	-0.058700	0.448000	0.461100	0.397000	0.119000	-0.272500	0.135600	0.264200	0.162100	0.043400	0.398800	0.288900	0.333900	-0.043300	0.277100	0.228500	0.185700	-0.458200	-0.439300	-0.273900	0.085000	-0.476200	0.220600	-0.194000	0.021800	0.351900	-0.005400	-0.421600	0.187400	0.345900	-0.412600	0.263800	-0.071000	-0.451600	0.160800	-0.452100	-0.224200	0.431500	-0.052800	0.073000	-0.389900	-0.154000	-0.138100	0.443900	0.302600	-0.361100	-0.192500	-0.376600	0.315800	-0.131800	-0.150600	-0.464100	-0.472900	-0.430000	-0.158200	-0.316000	0.057000	0.336400	-0.237700	0.379500	-0.182600	0.484800	0.143200	0.246300	
0.168300	0.439100	-0.070700	0.079200	0.005800	0.011600	-0.347800	0.115800	0.357500	-0.350800	-0.305200	-0.204800	0.423200	0.002200	-0.446200	-0.125900	0.005500	-0.096900	-0.090100	0.032600	-0.391800	0.251700	-0.148300	-0.199700	-0.276800	0.114000	-0.320300	0.040500	-0.266100	-0.041900	0.421900	0.402200	-0.102900	0.486300	-0.018700	0.038000	-0.002200	-0.231400	-0.346300	0.490500	-0.082300	-0.151600	0.420800	0.476000	-0.014200	0.474500	-0.150000	0.491200	-0.487200	-0.104900	0.023700	0.256100	0.281900	0.010600	-0.443600	-0.495000	-0.375500	0.371200	-0.319400	0.493500	-0.170800	0.237600	0.395600	-0.138500	-0.141000	-0.123100	0.399400	-0.008100	-0.219400	0.188300	-0.017700	0.198300	
0.171800	-0.096900	-0.190600	-0.342500	-0.487300	0.159400	-0.351300	-0.474600	-0.445600	-0.192500	0.281500	-0.028600	0.318000	0.337800	-0.023700	0.077600	0.208900	-0.208000	0.071100	0.173300	-0.470500	-0.398200	-0.465300	-0.476400	-0.386200	0.069200	0.015400	-0.105600	-0.242600	0.132900	-0.407400	0.429200	0.171100	-0.098100	0.221800	0.183700	0.196400	0.005600	0.209100	-0.114100	0.313100	-0.009500	0.357200	-0.233800	0.463400	0.468600	-0.021000	-0.192600	-0.239500	0.185200	0.480600	0.425100	0.286900	0.150400	0.448600	0.400700	-0.280400	-0.036000	-0.205000	-0.387900	-0.403200	-0.477300	0.176400	0.267800	-0.440300	-0.101800	-0.413400	0.256100	0.403700	0.295600	0.277100	-0.148100	
0.421200	0.134300	-0.246700	0.019700	-0.262000	0.232200	0.327100	-0.001500	-0.082700	-0.057200	-0.076500	-0.295900	0.228400	-0.492700	0.239900	0.083100	-0.393600	-0.465200	0.195100	-0.296900	-0.442600	-0.128500	0.106000	0.252300	-0.095200	0.192500	0.008300	0.443600	-0.376700	0.420500	-0.204500	-0.455600	-0.310100	0.048700	0.064100	-0.072100	0.416000	-0.473700	0.426300	0.468400	-0.395800	0.484900	-0.327600	0.332500	0.127300	0.412300	-0.084500	0.233600	0.082200	0.245800	0.436600	-0.225200	-0.382800	-0.322300	-0.473000	0.021900	0.370200	-0.329600	-0.034600	0.493400	-0.409200	-0.104000	0.172900	-0.219300	0.079800	0.372100	0.208500	-0.369100	0.033500	-0.230100	-0.400800	0.137700	
0.389900	-0.228400	-0.394700	0.017200	0.319000	-0.344000	-0.249300	-0.098900	0.401700	0.322500	-0.189000	0.154000	-0.499900	-0.162100	0.311000	0.005400	0.008200	0.411500	-0.366100	0.099000	0.442700	0.306800	0.014800	0.022400	0.178800	-0.276800	0.153300	-0.287700	-0.371800	-0.112400	-0.014900	-0.482000	0.159100	-0.274500	0.035100	-0.386800	-0.118600	0.285800	-0.350500	0.418200	0.108200	-0.039600	0.072100	-0.256600	0.298300	-0.481800	0.248800	0.441600	0.429700	0.382600	0.040500	0.372300	0.189300	-0.444800	-0.470200	-0.496700	0.413500	-0.181800	0.350700	-0.458400	0.205800	0.470900	-0.440400	0.500000	-0.303700	-0.270200	0.248400	0.077700	-0.484500	0.397800	-0.369000	-0.241200	
0.493300	-0.161700	0.002200	-0.073300	-0.143600	0.386100	-0.131700	0.421200	0.268600	0.408700	-0.071400	-0.406900	0.099100	-0.041600	0.231500	-0.352300	-0.088300	0.082100	-0.310700	0.252600	0.052900	0.384000	0.252600	0.249100	-0.386300	-0.363900	0.461900	0.264400	-0.466200	-0.407100	0.158300	0.162200	-0.068900	0.295600	-0.411100	-0.077400	0.181600	-0.042900	-0.156200	-0.414600	-0.499100	0.272300	-0.321600	-0.264900	0.365800	0.409800	-0.117200	0.412700	-0.373000	-0.292800	0.165200	-0.185000	-0.408900	-0.447100	-0.436000	0.339900	-0.311100	0.161100	-0.260600	0.357800	-0.110900	0.397700	0.020000	-0.044700	0.193200	0.108800	0.377800	-0.490000	-0.434200	0.356700	-0.404700	0.201800	
-0.235800	-0.226400	0.436900	-0.370100	0.318500	-0.180400	0.177700	0.080600	0.026700	-0.157100	0.395500	-0.247100	-0.469100	0.459400	0.227900	-0.280200	-0.244400	0.467300	-0.422500	0.144600	0.000100	-0.267400	-0.400200	0.328400	0.341300	0.112800	0.338300	0.042200	-0.030600	0.433500	-0.256000	0.233500	0.342200	0.316000	-0.001400	-0.204200	-0.364500	-0.323800	0.376300	-0.202700	-0.345800	0.271700	-0.314700	-0.314900	-0.133700	0.048300	-0.460000	0.121800	0.015500	-0.382600	0.401600	0.150700	0.485200	0.136500	-0.020900	0.326400	-0.250800	-0.182700	-0.496200	-0.146200	0.386000	0.382900	-0.412800	0.228100	0.198800	0.085700	0.159100	0.334200	-0.102900	0.035300	0.266600	0.051200	
-0.193000	0.451800	0.236200	-0.191600	-0.364800	-0.088700	0.430100	0.150700	-0.336100	-0.033200	0.436500	-0.351000	-0.396700	-0.084500	0.110500	0.487600	-0.132000	0.114200	-0.158700	-0.246100	-0.003000	-0.436300	0.117100	-0.304300	-0.215500	-0.223900	0.165000	0.181500	-0.053400	-0.068500	-0.267300	-0.111300	-0.481600	0.104000	0.197000	-0.346400	-0.484700	-0.237800	-0.060600	-0.320900	0.229000	-0.489000	0.463200	-0.032600	-0.073500	0.073600	-0.045100	-0.070400	-0.312200	-0.068600	0.183400	-0.180100	-0.005000	0.435600	0.015600	0.279400	0.346900	0.315700	-0.403900	-0.206600	0.382400	-0.171300	-0.182800	0.035900	0.067800	-0.485900	-0.175400	-0.281800	-0.223800	-0.100900	-0.467600	-0.494900	
-0.089900	0.495500	-0.392400	0.336500	-0.295700	0.062500	-0.234000	-0.108000	0.129000	0.084500	-0.153000	-0.376100	-0.344800	-0.002300	0.038400	-0.498000	-0.186600	0.134400	0.430500	-0.304300	0.098200	-0.252400	-0.133300	0.301200	0.396800	0.191300	-0.480700	-0.327000	-0.409700	0.186900	0.313200	0.000300	-0.182500	0.420800	0.471900	0.021700	-0.381600	-0.262200	0.048800	0.247300	-0.042600	0.395800	0.006300	0.112600	-0.106600	0.179800	-0.250300	-0.158100	-0.185800	0.315400	-0.327300	0.047500	0.198100	0.039400	-0.151400	0.094900	-0.269400	-0.496900	-0.097000	0.456000	0.189900	-0.283900	-0.043700	0.142500	0.272000	-0.071900	-0.335800	0.390300	-0.198900	-0.151900	-0.227300	0.258400	
0.379000	-0.085900	-0.129100	-0.227600	-0.406100	-0.244200	-0.250600	-0.456800	-0.428900	-0.077900	0.090600	0.269100	0.461400	0.439200	-0.136100	0.327100	0.442200	0.266800	0.283000	-0.232800	0.118100	0.374400	0.409600	-0.110000	-0.197500	0.208900	0.415500	-0.261300	-0.443000	0.323300	0.497000	0.071100	-0.262600	-0.496900	0.343400	0.466400	-0.241200	0.228000	-0.490500	0.465000	-0.350000	-0.264800	0.234000	0.246500	-0.325700	0.233100	-0.291300	0.251600	-0.365000	0.491600	-0.481300	-0.111800	0.001200	0.063500	-0.086600	-0.061200	-0.227700	-0.171200	0.177400	0.464400	-0.348000	0.174300	0.035500	-0.475500	-0.187500	-0.486000	0.126000	-0.293600	0.241900	0.135400	-0.328700	0.027000	
0.370600	0.040500	-0.226600	0.180000	-0.226500	-0.018000	-0.068400	-0.456400	-0.391200	-0.414600	-0.433000	-0.254900	0.148800	-0.019700	0.183800	0.056300	0.309000	-0.138900	0.020600	0.096100	0.170500	0.191200	-0.244200	0.483000	-0.159600	0.381700	-0.310700	-0.417800	-0.347700	-0.139400	-0.255600	0.158000	0.036200	-0.347100	-0.162100	-0.055200	-0.229900	-0.095400	-0.011700	-0.121200	-0.010000	0.055200	-0.241000	-0.361300	-0.464600	0.442700	0.194900	-0.020500	-0.196300	0.350700	0.210800	0.109300	0.041800	0.466500	0.092200	0.382100	0.348100	-0.083300	0.099500	0.135500	-0.087600	0.343800	-0.206600	0.448500	0.131800	0.131300	-0.106800	0.401800	0.171000	0.016600	0.415700	-0.339100	
0.207000	-0.325400	-0.200400	0.242300	-0.382800	0.129600	0.357000	-0.444000	-0.019800	0.067700	0.165300	0.157200	0.034100	0.392600	-0.325600	-0.482700	-0.190800	-0.091000	0.152800	-0.143300	0.387900	0.081300	-0.194900	0.019700	-0.287500	-0.166600	-0.078600	0.018700	0.350000	-0.162900	0.179500	0.056900	0.011600	0.114200	0.434300	-0.236000	-0.256200	-0.073600	-0.180100	-0.140900	0.494000	0.120300	0.151400	-0.336800	0.012900	0.325800	-0.319500	-0.042800	-0.265300	-0.031600	0.313900	-0.377400	-0.450400	0.254100	0.142200	0.397300	0.222700	-0.436500	-0.084100	0.072600	-0.464300	-0.404700	0.264600	0.047300	-0.155300	-0.166000	0.311200	0.088400	0.260400	0.266200	0.082600	0.254300	
-0.478300	-0.266000	0.417500	0.034500	-0.440300	0.233100	0.126800	0.429500	-0.298600	-0.424200	-0.448000	0.386100	-0.034900	-0.170700	0.283300	-0.312300	-0.472000	-0.300900	-0.104600	-0.436400	0.429600	-0.340100	0.110800	-0.225800	-0.006200	-0.442900	-0.002300	-0.245900	-0.041500	-0.419800	-0.491600	-0.019900	0.449300	0.061000	0.149700	0.144100	-0.206000	-0.223600	0.073600	-0.369500	0.487400	-0.239300	-0.483500	-0.047600	-0.274800	-0.065000	-0.224800	-0.246900	0.134000	0.170500	-0.183400	-0.301300	0.330300	0.062600	-0.392000	0.459200	-0.245200	-0.259200	0.348500	0.213200	0.456200	-0.008000	-0.306800	0.405400	-0.447100	0.342800	0.049500	0.482000	0.254400	0.258200	-0.387600	-0.123100	
-0.481200	0.264000	-0.035600	-0.256100	-0.301100	0.239500	-0.367900	-0.031900	-0.090100	-0.051300	-0.198100	0.375300	0.146400	-0.090100	-0.030400	0.401100	0.150600	-0.182000	0.114300	0.106700	0.309900	-0.057400	-0.352700	-0.002100	-0.214600	0.196700	-0.020200	0.174900	-0.045200	-0.272700	-0.448300	-0.391300	0.491300	0.016000	0.487800	-0.309900	-0.244600	-0.380200	-0.206700	-0.199600	-0.296400	0.095200	0.310800	0.349900	-0.495000	0.415500	-0.113800	-0.209300	-0.266500	-0.499600	0.032600	0.178500	-0.057100	0.179800	-0.323600	-0.136600	-0.488400	0.156100	-0.461800	-0.398500	0.018600	-0.410200	-0.289900	0.009800	-0.259100	0.333000	-0.165000	-0.368600	0.088000	-0.236500	-0.068300	0.291500	
0.358600	0.377600	-0.223400	-0.001300	0.293100	0.162700	0.289300	0.161700	0.163000	0.457000	0.475300	0.241000	0.136700	-0.348400	0.239600	-0.216600	-0.057100	0.277700	-0.115200	0.461400	0.002700	-0.269900	-0.393700	-0.121300	-0.437000	-0.423600	0.010100	0.150900	-0.160200	0.441700	-0.422400	-0.301700	-0.045500	-0.145900	-0.167900	0.382700	0.151900	0.256600	-0.320500	0.450000	0.213500	-0.345300	0.190900	0.485400	-0.193700	-0.069600	-0.231300	-0.115700	0.343300	0.153500	0.480800	0.481100	0.383500	-0.413000	-0.140300	0.081600	0.298500	0.369700	-0.267500	-0.361700	-0.053400	0.445200	0.471700	0.036200	0.434400	-0.196200	-0.081200	0.086200	-0.439700	0.098200	0.036100	-0.091100	
-0.112000	0.362100	-0.105800	-0.170600	-0.207500	0.162900	0.213600	0.270900	-0.183700	0.194300	-0.112900	-0.300300	-0.083600	0.246700	0.281200	0.350100	-0.248400	0.148800	0.123500	-0.166700	-0.270900	0.095100	0.369400	-0.336600	0.034000	-0.211900	0.249500	-0.270600	0.021400	-0.214500	0.138300	0.044500	-0.352400	-0.467600	0.373900	-0.424800	0.195200	0.087400	-0.018800	0.146600	0.416900	0.368200	-0.018600	0.468400	-0.250000	0.397800	-0.046400	0.001500	0.046500	-0.423000	0.334700	-0.089200	-0.192700	-0.160800	0.074100	0.341200	-0.237600	0.458800	0.205800	0.283700	0.379400	-0.156000	-0.171800	0.162100	-0.488500	0.337200	0.237200	-0.158100	-0.440300	0.353500	0.488400	0.476500	
-0.143200	-0.030200	0.080100	0.106800	-0.132500	-0.466400	0.243400	0.049100	0.245800	-0.286700	0.095000	-0.447000	0.052400	-0.330900	0.029300	0.314800	0.263000	-0.265000	-0.266400	0.142300	-0.285900	-0.303100	-0.195600	-0.274400	-0.466000	0.176700	-0.297400	-0.406300	-0.334600	0.326100	0.205300	0.022100	-0.204200	0.420500	-0.371200	-0.201600	0.454100	0.372200	-0.017300	0.199800	0.220600	0.212800	-0.112100	-0.227100	0.017000	0.417100	0.222800	-0.220100	-0.347900	0.456400	0.422200	-0.133900	0.288400	0.361700	-0.273200	0.322400	0.038300	-0.070700	0.051200	0.203600	-0.244600	-0.243600	0.360900	-0.313700	-0.323100	0.489600	-0.380100	0.266100	-0.003100	-0.262300	-0.399000	-0.282600	
0.450400	-0.011200	-0.374500	-0.032600	-0.094200	0.348200	-0.117600	-0.307000	-0.060300	-0.195500	-0.305700	-0.271900	0.301300	-0.079000	0.185600	0.474800	-0.014500	-0.263300	-0.186500	-0.124000	-0.371800	-0.325700	-0.302600	0.440200	-0.336100	-0.182800	-0.158600	-0.204100	-0.310000	-0.057700	-0.351500	0.275600	0.066200	0.409100	0.378100	0.107200	-0.107600	-0.239600	0.300100	0.332100	-0.299900	0.494300	0.195300	-0.498700	-0.449500	-0.119200	0.476000	0.035900	-0.247400	-0.210500	0.411800	-0.484100	-0.036300	-0.390900	0.456100	-0.237300	-0.438500	-0.202600	-0.306200	0.386600	-0.125100	-0.157800	0.162100	0.441000	0.386400	0.040100	-0.316700	-0.221300	0.300500	0.483400	0.245900	0.135700	
0.112800	-0.058900	0.136900	0.163200	-0.043000	0.112900	0.334200	-0.155300	0.037500	0.245900	-0.139400	-0.498900	-0.009800	-0.183400	0.399000	-0.313200	-0.250900	-0.407300	-0.426700	0.123900	-0.430000	-0.129400	-0.299900	0.456300	0.045800	-0.116700	-0.265100	-0.153800	-0.498200	0.480800	0.117000	-0.250200	-0.443000	-0.246100	0.412900	0.014000	0.001900	0.247100	0.358600	-0.460700	-0.371900	0.354300	0.175500	-0.246600	-0.329200	0.074400	-0.059900	-0.444900	-0.197800	-0.351400	0.178900	-0.127900	0.019100	0.014100	0.463500	-0.435200	0.032600	-0.301600	-0.453800	-0.330500	0.314300	0.163100	-0.080800	0.006400	0.052100	-0.167900	0.155500	-0.446100	0.214300	-0.350700	-0.406900	0.342300	
-0.496500	0.268600	0.230900	0.309500	0.478100	-0.329100	0.364500	-0.219700	0.454600	-0.321500	0.152300	-0.391200	0.192600	0.115800	-0.326400	0.360300	-0.050700	0.354900	-0.470300	0.398700	-0.346900	-0.415900	-0.095000	0.205200	-0.448700	0.195700	0.259000	0.265500	0.344900	-0.012700	-0.257100	0.348300	-0.244200	0.108900	0.157700	-0.266200	0.279800	0.022100	0.014000	-0.130500	0.200600	0.301500	-0.021700	-0.471700	-0.447600	-0.213000	0.023700	0.001600	-0.358200	-0.311500	-0.464600	0.430000	-0.227500	-0.424500	0.135100	-0.176300	0.271100	-0.470700	0.224300	0.115900	0.016500	0.102400	-0.035800	0.272200	-0.288800	0.257000	0.141100	0.126100	-0.220900	0.290300	0.495600	0.114800	
0.091700	-0.391000	-0.221800	0.144000	-0.104100	0.301800	0.280700	0.037600	0.490200	-0.048800	-0.032500	0.397900	0.026600	0.237800	0.356700	-0.202300	0.267000	-0.283800	0.413500	-0.216600	-0.046300	-0.487200	0.190700	-0.200000	0.269800	-0.168300	0.426100	0.184000	0.257100	0.056800	-0.201300	-0.151300	-0.199100	0.076800	0.127800	0.196700	-0.486300	-0.456400	0.369400	-0.496200	-0.005300	0.472000	0.036800	-0.478700	0.209700	-0.106500	0.454100	-0.388200	0.109600	0.367500	-0.104900	-0.436800	0.380300	0.220900	-0.136900	-0.214800	-0.447400	0.424300	0.469100	-0.055200	-0.383800	-0.232300	0.293500	-0.083000	-0.020400	-0.443600	-0.386400	-0.006800	0.235200	0.118100	-0.367900	-0.270200	
0.090100	0.168900	0.386200	-0.200300	0.197500	0.340200	-0.088500	-0.193000	-0.157100	-0.058300	-0.494700	0.358300	-0.337400	-0.131700	-0.356600	0.350300	0.427800	-0.387600	-0.205000	0.179100	-0.484800	0.223600	-0.403900	-0.005300	0.280000	0.344800	0.123000	-0.349700	-0.037100	0.255000	-0.120000	-0.447100	-0.441000	0.401400	0.487700	0.256400	-0.123300	-0.100900	0.198500	0.219500	-0.024000	0.203700	0.077700	0.138500	0.207200	0.221000	-0.376100	-0.229900	-0.031500	-0.446000	0.449100	-0.016400	0.277600	-0.454900	0.478200	-0.307300	0.025100	-0.263700	-0.157100	0.487900	0.126500	-0.142000	0.175900	0.185400	0.394500	0.163500	-0.423000	-0.228800	0.197800	-0.089400	0.125800	-0.326300	
-0.385700	-0.296500	-0.052700	-0.043400	0.059600	0.071100	0.226600	0.163300	0.125000	-0.189200	-0.353200	-0.462300	-0.144100	0.260200	-0.269700	0.016100	0.496400	-0.291700	0.003900	0.122800	-0.298500	-0.320300	0.443400	-0.404100	0.343100	0.155500	-0.133000	0.040800	-0.434000	0.492800	-0.150400	-0.319800	0.331400	0.296800	-0.228100	-0.473900	-0.497000	0.133600	0.189300	-0.236800	0.444400	-0.028700	-0.199200	0.435400	-0.268600	-0.333700	-0.048600	0.362900	-0.490300	0.455200	-0.014300	-0.288900	0.270000	-0.435800	-0.193000	-0.251800	0.219600	-0.190900	0.289000	0.285500	0.437000	0.273700	0.100900	0.268300	0.070500	0.372700	-0.070400	0.073400	-0.358500	-0.381200	0.336500	-0.414200	
-0.274800	0.272500	-0.478900	-0.043500	0.073900	-0.027600	-0.180600	0.083500	-0.437300	-0.059800	0.294600	0.332600	-0.360500	0.236700	-0.419300	0.359000	-0.454300	0.004800	-0.220400	0.482700	-0.221500	0.380400	-0.113900	-0.015900	-0.111700	0.315600	-0.442600	-0.335100	0.069600	0.029100	-0.249400	0.294700	0.436700	0.406800	0.386400	0.010500	-0.120900	0.340900	0.229100	-0.423100	0.416200	0.023600	0.409400	-0.444400	-0.239800	0.125200	0.414500	0.441100	0.265200	0.329200	0.058900	-0.456400	-0.155200	0.444900	0.027600	-0.131800	-0.104300	-0.279900	0.033000	0.465200	-0.115700	0.283500	-0.105000	0.456100	0.190200	0.416500	-0.033500	0.204400	0.257300	-0.304400	0.281200	0.173400	
-0.145700	-0.174300	-0.135900	-0.250300	0.086000	0.413700	0.325900	-0.148900	0.242900	-0.115300	-0.470200	-0.412400	-0.170500	-0.307500	-0.044300	0.225100	-0.087400	0.488600	-0.174600	-0.068000	-0.092800	-0.144400	-0.111900	0.232500	-0.228000	-0.010300	-0.063200	0.164500	-0.179600	0.353100	0.473000	0.174700	-0.321300	-0.162900	0.059500	0.264600	0.385900	-0.114700	0.250900	0.128700	0.269900	0.280600	-0.148600	0.234500	0.473100	-0.057800	-0.405200	-0.479200	-0.434100	-0.079900	-0.412100	-0.027000	-0.089200	-0.024100	-0.294600	-0.182000	0.100800	-0.222700	0.117600	0.421100	-0.369700	0.090500	-0.269100	0.444100	0.062700	0.290300	0.208700	-0.051400	0.310700	-0.405300	0.212400	0.080500	
0.375200	-0.436200	0.450200	-0.016600	-0.358900	-0.455100	-0.360700	-0.293000	-0.399900	-0.272800	-0.184900	0.010900	-0.161800	-0.344300	0.328800	0.438900	-0.067100	-0.053700	-0.004800	-0.301600	0.171900	0.226000	-0.357600	-0.265400	-0.348500	-0.013800	-0.181700	0.097300	0.080800	0.165800	0.313000	-0.408800	0.229500	0.263100	0.074500	0.005800	0.307900	0.213800	0.212700	0.407900	0.076100	0.162900	-0.081300	0.414200	0.318500	0.382600	-0.011700	0.386600	0.464000	0.483400	-0.415100	0.135900	-0.155500	0.362400	0.005600	-0.368900	-0.151400	-0.041000	0.228400	0.064500	-0.375300	0.041300	0.155600	-0.010600	-0.195700	-0.269900	0.495100	-0.387900	0.079000	-0.157100	0.155100	-0.345000	
-0.494300	-0.426200	0.204300	0.324200	0.091500	-0.307500	-0.154100	0.055500	0.311000	-0.434100	0.326500	-0.344500	0.428200	-0.168000	0.421700	0.411900	-0.073900	0.150000	-0.023600	0.050700	0.326400	-0.368100	-0.460000	-0.369400	0.497100	0.170200	0.377800	-0.288800	-0.487000	0.032900	-0.498700	-0.481300	-0.258200	0.205600	-0.022000	-0.031600	0.398000	-0.041000	-0.476200	0.209000	0.024800	-0.014600	-0.000400	-0.411900	-0.047500	-0.078800	0.500000	0.378500	-0.428800	-0.388500	-0.435600	0.032700	0.378500	-0.395700	0.163300	0.010800	-0.090300	-0.323800	0.221900	-0.077400	-0.155800	0.223200	-0.423600	-0.278900	-0.071300	-0.310500	0.189500	0.461800	-0.216400	-0.151600	-0.194100	0.308300	
0.333800	0.305400	0.031600	0.421400	0.361800	0.031500	0.299900	0.068100	-0.221900	0.364200	-0.399300	-0.343500	0.103600	0.263900	-0.197600	-0.486800	0.075300	-0.475700	-0.429000	0.054600	-0.117400	0.282500	0.275700	-0.053600	0.107200	-0.399700	-0.091900	0.390700	-0.051400	-0.150800	0.199000	0.417500	-0.345500	0.365700	0.338900	-0.483800	-0.102900	-0.226100	0.084200	-0.189700	-0.362000	0.184900	-0.398100	-0.123300	-0.416100	-0.095700	-0.474900	-0.205700	-0.071500	-0.404000	0.348900	-0.053800	0.013600	-0.240300	0.392500	-0.379300	-0.140100	0.435700	-0.488600	-0.056400	-0.215200	-0.154500	0.496300	-0.425500	-0.288900	-0.029700	0.225800	-0.256700	0.244100	0.445200	-0.311300	0.017200	
0.130000	-0.209500	0.029000	-0.151000	0.194700	0.054000	-0.221500	0.258300	-0.214900	-0.372700	-0.295600	0.298700	-0.113100	0.232000	0.419300	-0.118100	0.167700	0.065800	0.325400	0.087600	0.046400	0.321600	0.162000	-0.107400	0.427000	-0.112200	-0.229000	0.171000	0.468100	-0.040400	0.323300	-0.266800	0.250100	-0.147700	0.082100	-0.055300	0.041400	-0.004300	-0.297000	0.326500	0.122900	-0.457500	0.125100	0.144900	0.274500	-0.320500	0.161900	-0.422700	-0.119500	-0.012700	0.164800	0.426800	0.444000	0.462000	-0.180600	0.371000	0.484900	-0.274500	-0.322900	0.452900	0.185100	0.135600	-0.314000	-0.064900	0.123000	-0.096800	0.014900	-0.335700	0.398900	0.217800	0.490700	-0.343100	

-0.183600	0.381800	
0.123500	0.334000	
0.293500	-0.364700	
0.355000	0.389400	
0.481900	0.144300	
0.050500	-0.499400	
0.290500	0.091400	
0.269300	0.230300	
0.494500	-0.281200	
-0.399500	-0.463800	
0.125700	-0.389800	
-0.047300	0.174900	
-0.267200	-0.294900	
-0.194500	-0.106000	
0.179700	0.481000	
0.344600	0.131200	
0.362700	-0.031900	
-0.399700	-0.208700	
0.103300	0.455300	
0.315800	-0.279600	
-0.265300	-0.133800	
0.356100	-0.474900	
0.092800	0.125300	
0.255400	0.087200	
0.344100	0.355800	
-0.241500	-0.395100	
0.101100	0.211200	
-0.085100	0.333800	
0.051400	-0.144500	
-0.272200	0.366200	
-0.163600	0.207500	
-0.367500	0.334300	
-0.324500	-0.267300	
-0.374500	-0.086000	
-0.312100	0.076500	
0.134300	-0.077400	
0.077800	-0.009700	
-0.417200	-0.329500	
-0.384500	0.338100	
0.257600	0.094700	
-0.170900	-0.483900	
0.199500	0.430100	
-0.137600	-0.385700	
-0.100900	0.048900	
-0.030300	-0.238000	
-0.085000	-0.058700	
0.469400	-0.317400	
-0.224500	-0.355100	
-0.084800	-0.463900	
0.058800	-0.261700	
0.112500	-0.307000	
-0.204000	-0.309700	
-0.181600	-0.121300	
-0.139300	-0.066200	
-0.283200	0.253500	
0.163700	-0.319000	
-0.095300	-0.136900	
-0.389000	0.267000	
-0.387400	-0.354800	
-0.184200	-0.282600	
-0.092900	-0.134100	
0.158600	-0.123500	
0.048400	0.434000	
-0.343500	0.098700	
0.105300	-0.149600	
0.336900	-0.282300	
0.043300	-0.367200	
-0.456900	-0.003200	
-0.353300	-0.096200	
0.430500	-0.136600	
-0.342800	-0.270700	
-0.320500	0.061800	

## BIASES:
-0.104500	-0.249100	-0.063000	-0.330100	-0.069600	-0.401200	-0.252900	0.310800	-0.278800	0.047000	-0.127300	0.300400	-0.355900	-0.172800	-0.193500	-0.371100	0.052700	-0.381300	-0.418300	-0.262300	0.254200	0.402800	-0.192100	-0.487700	-0.194000	0.322700	-0.323400	0.340000	0.040500	0.302400	0.496800	0.435900	-0.446700	-0.431100	0.240900	-0.381200	-0.332300	0.123100	0.429500	-0.476000	0.305200	0.437300	0.324300	0.449300	-0.235500	-0.369300	-0.421900	-0.047700	-0.250600	0.295000	0.189900	0.138700	-0.167100	0.497700	0.151000	0.138800	0.320300	-0.037300	-0.386100	0.495900	-0.235000	0.245900	0.066900	-0.181800	0.314700	0.442900	-0.427900	0.117500	0.065900	-0.498500	0.141500	-0.493700	

-0.272400	0.425600	

