36:2:20:2

## LAYERS:
-0.251000	0.503000	-0.321200	0.000000	0.000000	0.000000	0.058140	0.056146	0.052824	0.049834	0.000000	0.045847	0.000000	0.000000	0.040532	0.039203	0.000000	0.036711	0.000000	0.000000	0.032558	0.000000	0.030897	0.017110	0.017608	0.027575	0.026578	0.025581	0.024618	0.019336	0.023322	0.022824	0.022093	0.021595	0.020831	0.020100	

-0.477600	0.277900	0.250000	0.433100	-0.363500	0.255100	0.189200	0.194200	-0.325100	-0.131900	-0.488000	-0.188200	0.405600	-0.185000	-0.313000	0.311500	-0.180300	0.118300	0.476100	-0.219300	

-0.201200	-0.417900	-0.326800	0.241200	-0.483000	0.167100	-0.034800	-0.212000	0.489400	-0.246500	0.210800	-0.483100	-0.491300	-0.445300	0.033900	-0.178800	-0.499800	0.089800	0.474500	-0.035000	

0.474433	0.497845	

## WEIGHTS:
-0.131500	-0.400800	0.435200	-0.251400	-0.004200	0.267900	-0.482000	-0.126400	0.194100	-0.162300	0.351300	0.366000	-0.319900	0.404800	-0.215000	-0.071900	-0.272500	-0.033000	-0.000700	0.149300	
-0.277300	0.359400	0.184400	0.154700	0.355700	-0.443000	0.091000	-0.348300	0.082300	0.494600	-0.417200	-0.177900	0.316400	0.294400	-0.058800	0.447300	0.326300	-0.203200	-0.187300	-0.194500	
-0.019700	-0.267100	0.219000	0.445000	0.100100	-0.200400	0.409400	0.074600	0.194100	0.282000	-0.442900	-0.362400	-0.183100	0.077900	0.292200	0.298000	0.270100	-0.106300	0.158300	0.431700	
0.448200	0.215500	-0.036100	-0.206000	-0.186200	-0.408700	-0.182700	-0.015300	0.440200	-0.197000	-0.355500	0.087300	0.245400	0.251400	0.203800	-0.198200	0.186100	-0.142900	0.167100	-0.484700	
-0.313300	0.224100	-0.182400	0.047200	-0.399400	0.457700	-0.443200	-0.004700	0.099300	-0.477400	-0.073100	-0.330700	0.061600	-0.313700	-0.191200	0.410700	0.251700	0.168700	0.449300	-0.138900	
-0.436000	0.218200	0.209500	0.229300	-0.019800	0.425800	0.166200	-0.333800	-0.217200	0.423200	-0.318500	-0.132300	0.276700	0.475800	-0.365800	0.341800	0.414400	0.432200	0.354600	-0.154500	
-0.307600	-0.146400	-0.275300	-0.439100	-0.076300	-0.219800	-0.034800	-0.082300	-0.064400	0.305000	0.046800	0.177600	0.050500	0.069800	0.026900	-0.278800	-0.004400	-0.014800	0.138900	-0.086500	
-0.008600	-0.478800	0.184800	-0.370100	0.409000	-0.435700	-0.061000	-0.239800	0.131600	-0.390700	-0.074700	-0.410200	-0.495000	0.370600	0.342200	0.362800	-0.439700	-0.415900	-0.359800	-0.215600	
0.060300	-0.317100	0.239000	0.330400	-0.331200	0.058000	0.365800	0.268700	-0.340100	0.376100	0.067200	-0.413400	0.378600	-0.341800	-0.228500	0.162900	-0.277600	-0.177400	0.380300	0.188600	
0.039300	0.299000	0.398900	-0.320600	0.146400	-0.188100	-0.175800	-0.416100	-0.190900	-0.290500	-0.441700	-0.193700	-0.100600	-0.322200	0.115100	0.438600	0.093100	-0.440500	0.381900	-0.193900	
-0.407500	0.379500	-0.109700	-0.174700	-0.067500	0.308300	0.076300	-0.240100	-0.254600	0.269600	0.425300	-0.014600	0.068600	0.147800	-0.355800	-0.285100	-0.157900	-0.349700	0.488800	-0.089200	
0.454200	-0.453000	0.179300	-0.390000	0.101000	-0.048900	-0.106100	0.474200	0.189500	-0.200700	0.111000	0.118800	0.179400	-0.383600	0.353500	-0.000700	0.433700	0.349200	0.449000	-0.458500	
0.118800	-0.450100	-0.056900	0.322500	0.289000	-0.108300	0.400900	-0.384300	-0.116100	-0.227700	-0.238500	-0.035200	0.301700	0.411700	0.407600	0.219200	0.404700	-0.024500	0.332900	0.493100	
-0.224000	-0.081600	-0.074700	-0.113900	0.338400	0.410100	-0.407200	-0.094500	-0.152000	0.100500	-0.270000	0.101900	-0.315100	0.473700	0.325100	-0.081500	-0.399400	0.232000	0.079500	-0.358100	
0.163600	-0.084000	-0.386500	-0.160500	-0.112300	0.059800	-0.441400	0.087600	-0.243900	0.154200	-0.433900	0.445700	0.063900	0.427100	0.043600	0.162400	-0.074100	-0.125500	-0.340200	0.484600	
0.177900	0.073700	-0.307900	0.176400	-0.284600	-0.171400	0.457700	-0.484400	-0.163600	-0.064900	-0.268500	0.151100	0.046300	0.254000	0.490500	0.434000	0.044000	-0.386700	-0.474300	-0.363900	
0.208600	-0.212300	-0.418200	0.260600	-0.373300	-0.247600	0.014900	-0.312200	-0.449000	0.199800	0.226800	-0.305500	0.416400	-0.257200	0.098700	-0.259200	0.058900	-0.045700	0.282500	0.094900	
0.434800	0.289600	0.257000	-0.128500	0.043500	0.006700	-0.008900	-0.209300	0.018800	0.273400	0.309900	0.010800	-0.011000	-0.054200	-0.054900	0.349900	0.457600	-0.038900	0.057800	-0.310400	
0.476200	0.379600	-0.480700	0.106900	0.137600	0.490000	-0.392300	0.480700	0.275300	-0.365800	0.354600	0.087400	0.416000	-0.085100	0.257100	-0.397700	0.159000	-0.251900	0.105000	-0.182100	
-0.053800	0.369100	0.393500	-0.125600	-0.487200	0.154000	-0.072000	-0.244100	-0.465200	0.265600	-0.137300	-0.244200	-0.408300	0.148200	0.467400	-0.375900	-0.314400	-0.332800	-0.395300	-0.498700	
-0.367600	-0.272400	-0.113000	0.243100	-0.247500	-0.330300	0.024000	0.334400	-0.024100	-0.102800	0.088900	0.063900	-0.453800	-0.189800	-0.403100	-0.464000	0.174800	0.453000	-0.320200	0.134100	
0.189300	0.248200	-0.425000	0.481900	-0.019500	-0.102400	-0.394100	0.493300	0.438200	0.157600	0.437600	0.388500	-0.277800	-0.175500	-0.025200	0.492200	0.238900	-0.424500	0.068700	0.446300	
0.328100	0.285700	0.298200	0.154300	0.164100	-0.044100	-0.070100	-0.236600	0.454200	0.395100	0.397400	0.061900	0.191700	0.331800	0.043700	0.258900	0.147700	-0.215200	0.131700	-0.265100	
-0.458000	0.294200	0.096700	0.487700	0.322900	0.371700	0.479900	-0.168800	0.082300	0.095200	-0.361700	-0.420200	0.307400	0.012500	0.116900	0.473900	0.468300	0.284200	-0.407300	0.173800	
0.204600	0.330100	-0.133000	-0.120100	0.446600	0.279200	-0.361300	-0.025500	0.068900	0.333800	0.316400	-0.363100	-0.033500	0.471400	0.184100	0.003900	0.343000	-0.067900	0.195900	-0.382500	
0.065100	0.334100	-0.108500	0.233800	0.405000	0.012100	0.373500	-0.061300	0.098500	-0.123500	0.103100	-0.299800	0.433500	0.042900	0.445800	-0.121100	-0.421600	0.077800	0.155400	-0.147200	
0.379300	0.269700	-0.258000	-0.075800	0.241000	0.065200	-0.021400	-0.319600	0.261500	0.278300	-0.460400	0.221600	-0.112000	-0.427600	0.279000	-0.103700	0.302200	-0.104400	0.286200	-0.454900	
0.313000	-0.285300	-0.119800	-0.440700	0.388700	-0.404800	0.138000	0.092100	-0.127000	-0.305300	-0.495300	0.406500	-0.087700	0.147400	-0.169300	0.145100	0.445700	-0.159300	0.465600	-0.482100	
0.362200	-0.399500	-0.251900	0.219700	0.212700	0.108000	-0.121000	-0.219100	-0.496400	0.098300	-0.329700	0.419600	-0.403600	0.089600	0.327200	0.110100	0.203600	-0.322000	0.337400	0.211700	
0.343400	0.138500	-0.243700	0.379200	-0.141100	-0.038800	0.269800	0.426900	-0.063000	-0.118100	0.042700	-0.017200	-0.008800	-0.074100	-0.297600	0.350600	-0.038500	-0.284900	-0.495700	0.253800	
-0.051500	0.160500	-0.191500	-0.107400	-0.273200	-0.386600	0.072600	-0.150400	0.395500	0.255100	0.389600	0.038900	0.058100	-0.011400	0.060600	0.274900	-0.408800	0.250900	0.348600	-0.467700	
0.058400	0.116600	-0.255800	0.159400	-0.047800	-0.334100	-0.117200	0.445800	0.021800	-0.477800	0.235400	0.311700	-0.068700	-0.160300	0.497900	-0.206800	-0.108400	0.358300	-0.033500	0.118800	
-0.374800	0.300400	0.274500	-0.162500	0.213100	-0.418400	0.458700	0.164800	0.123700	-0.189800	0.296800	-0.290500	0.426800	0.063500	0.368800	0.056100	-0.227500	0.015000	0.175900	-0.084800	
-0.479700	-0.028800	0.201200	-0.048500	-0.250800	-0.334000	0.248300	-0.224000	-0.286700	-0.052200	0.020400	-0.161500	-0.463100	0.055200	0.278500	-0.083400	-0.268400	0.363400	0.295300	0.323600	
0.189900	-0.065900	0.144400	0.293800	0.201500	-0.371700	0.485000	-0.224400	0.094900	-0.243100	-0.128600	0.423700	-0.380400	0.330300	0.043200	0.112400	0.437900	-0.418400	0.097500	0.174300	
-0.117600	-0.450200	0.043600	0.352200	0.081200	-0.198400	-0.097100	-0.295500	-0.190300	-0.084600	0.119400	0.429200	0.410800	0.378900	-0.494800	0.070200	-0.452600	-0.080100	0.094000	-0.082400	

-0.208600	-0.436400	-0.150600	-0.254800	-0.150300	0.289300	0.228400	0.351900	0.422000	0.328600	-0.449300	-0.229100	0.136900	-0.316100	0.087400	-0.176000	0.055700	0.381000	0.129800	0.053800	
-0.251000	-0.166900	0.486800	0.220500	0.436700	0.016000	-0.327200	-0.482500	-0.138000	0.495500	-0.431900	-0.211500	-0.129500	-0.076100	0.374900	0.335800	0.113400	-0.217400	0.268500	-0.253500	
-0.476000	-0.016900	0.263400	-0.181300	0.303600	0.314600	0.189900	-0.390300	-0.301100	0.465300	-0.417700	-0.155300	0.070800	0.144700	0.417500	-0.357400	-0.470700	0.449100	0.365100	-0.108800	
0.455900	0.008900	0.050200	-0.281000	0.067900	-0.472700	0.257700	0.285400	0.246800	0.404100	-0.020300	0.081700	0.443400	0.002800	-0.117600	0.393700	0.333500	-0.265300	0.355800	-0.321800	
-0.344300	0.438000	-0.342000	0.444600	-0.454700	0.030300	-0.378000	0.485400	-0.487800	0.487000	0.436900	-0.141200	-0.196800	-0.455200	-0.126200	0.346800	-0.018400	-0.495500	-0.306600	-0.271700	
0.387600	-0.368900	0.352100	0.246800	0.478600	-0.467900	0.238600	-0.052700	-0.233300	0.012600	0.439500	-0.304400	-0.332600	0.112800	-0.237100	-0.437500	0.258700	-0.392100	0.198500	0.008200	
0.191100	0.065100	-0.100400	0.382000	0.193100	0.146400	-0.430100	0.254800	-0.213900	0.142300	-0.296800	0.458600	-0.316600	-0.004900	0.132500	0.299700	-0.330700	-0.435500	-0.191300	0.003500	
0.077000	0.436200	-0.165800	-0.422500	-0.315900	-0.267800	-0.441700	0.031100	0.205900	0.480300	-0.305800	-0.436500	0.366000	-0.271100	-0.103200	-0.140600	0.375200	-0.126500	-0.421900	0.331000	
-0.468200	-0.482700	0.057500	-0.276600	0.029600	0.026100	-0.422600	-0.426000	0.244800	-0.434100	-0.344500	0.231700	-0.250300	0.064200	-0.439800	0.059900	0.434200	0.328000	-0.353400	0.287300	
-0.470600	-0.372000	-0.412500	-0.480600	0.320700	-0.238900	-0.486100	-0.376400	0.150600	0.483400	0.163500	-0.123300	-0.127900	-0.289300	0.038400	-0.150000	-0.297800	-0.092100	0.385800	-0.177500	
-0.435800	-0.395800	0.070600	0.105900	0.161900	-0.499500	0.270100	-0.390900	-0.450400	-0.178800	0.420000	-0.024200	-0.311100	0.142600	0.126900	0.323800	0.155500	-0.015600	-0.173900	0.183700	
-0.397100	0.476300	0.090500	0.029200	-0.299800	-0.460600	0.393400	-0.422400	-0.215500	0.090700	0.174300	-0.300400	-0.053400	-0.294300	0.498900	-0.181200	0.150500	-0.289200	-0.012100	0.200000	
-0.370200	-0.480700	-0.251300	-0.118400	-0.214700	0.219200	0.129900	0.180800	-0.240300	-0.133400	0.499600	0.441600	0.394800	-0.280000	-0.300400	0.270200	-0.230000	0.499200	-0.017100	-0.310400	
0.099000	-0.462700	-0.444700	-0.229300	-0.032100	0.318000	-0.310800	-0.339900	0.206700	-0.027200	-0.372500	-0.243500	-0.388500	-0.314000	0.138000	-0.006600	-0.201300	0.443600	-0.413500	-0.306500	
-0.220800	0.329900	0.365400	0.374100	-0.459000	-0.073600	0.110200	0.446200	-0.074400	-0.407000	-0.061700	0.441900	0.394400	-0.309000	-0.265100	-0.127000	0.044700	-0.076000	-0.179700	0.281800	
0.236100	-0.242400	0.228400	0.142500	-0.056500	0.058300	0.334400	0.118900	0.172000	0.056000	-0.003200	0.462400	-0.294400	0.453600	-0.332800	0.177600	-0.090300	0.277300	0.123700	-0.397700	
-0.066600	-0.105400	0.157600	-0.172300	-0.017500	0.217500	-0.174900	0.057700	0.023900	0.373700	-0.240600	0.395200	0.385400	-0.197500	-0.267000	0.112400	-0.341700	0.315800	0.410600	0.127500	
0.352400	-0.025800	-0.285200	-0.282500	-0.330600	0.008700	-0.011900	-0.030900	0.365500	-0.367300	-0.287100	0.146800	0.489800	0.084400	0.387600	-0.447800	-0.400300	-0.278200	0.356600	-0.291800	
-0.472800	0.289700	-0.396700	-0.098400	-0.372900	-0.163800	-0.287600	-0.041500	0.014000	0.048100	-0.057800	0.072700	-0.123500	0.252900	-0.446600	0.045800	-0.197000	0.111200	0.144600	-0.141400	
0.455800	-0.387200	0.192600	-0.339300	-0.103500	-0.284700	-0.287200	0.488500	-0.244500	-0.042300	-0.275400	-0.361100	0.461900	-0.342000	-0.025100	0.224100	0.461900	0.187200	0.317700	-0.077100	

0.050100	-0.079600	
0.305000	0.447700	
0.436100	0.348600	
-0.459900	-0.128100	
-0.360400	-0.047800	
0.247900	-0.182500	
0.218500	0.434600	
-0.079500	-0.205100	
0.180700	0.020800	
0.072600	0.361300	
-0.061200	-0.206400	
0.041500	0.116600	
-0.114600	0.272200	
-0.422700	0.171700	
0.037800	-0.266900	
-0.494000	-0.070800	
0.159600	-0.161200	
-0.338200	-0.414300	
-0.367600	-0.255100	
0.348500	0.167500	

## BIASES:
0.399000	0.394900	0.080900	0.043100	0.258000	-0.133800	0.253300	0.089300	0.211500	-0.186000	0.460400	-0.348500	-0.450700	0.108300	0.455900	-0.129300	0.028100	0.451300	-0.194600	0.229100	

0.085700	-0.033700	0.106400	-0.187500	0.147900	-0.156300	-0.148700	-0.461600	-0.252500	-0.198300	0.310700	0.174900	-0.256300	-0.251400	0.338700	0.397200	-0.427100	-0.448600	-0.093300	-0.465700	

0.069100	-0.492000	

