36:2:72:1

## LAYERS:
-0.251000	0.503000	0.000000	0.000000	0.045847	0.047508	0.048837	0.049834	0.124585	0.000000	0.132890	0.000000	0.059302	0.157807	0.000000	0.065116	0.000000	0.000000	0.071761	0.073090	0.076412	0.000000	0.000000	0.265781	0.000000	0.094020	0.323920	0.102326	0.107973	0.456811	0.498339	0.124585	0.128738	0.830565	0.149502	0.000000	

-0.000000	-0.000000	-0.000000	-0.000000	0.000000	-0.000000	-0.000000	0.168800	0.000000	0.000000	-0.000000	-0.000000	-0.488900	-0.000000	0.200800	-0.000000	-0.000000	0.259700	0.000000	-0.000000	0.000000	-0.000000	-0.000000	-0.000000	-0.000000	0.003800	-0.000000	-0.000000	0.000000	0.000000	0.000000	0.000000	0.000000	0.000000	0.000000	0.000000	0.000000	-0.000000	0.000000	-0.000000	0.000000	0.000000	0.000000	0.000000	-0.000000	0.000000	0.249200	-0.437900	0.126500	0.031900	-0.000000	-0.000000	0.000000	0.000000	-0.000000	0.000000	-0.000000	-0.000000	0.000000	0.000000	-0.000000	0.008400	-0.000000	0.000000	0.000000	-0.000000	0.110500	-0.000000	0.000000	-0.000000	-0.325600	0.000000	

0.553212	0.000000	

## WEIGHTS:
0.212500	0.000000	0.000000	-0.000000	0.000000	-0.000000	0.000000	0.000000	-0.000000	0.000000	0.177200	0.000000	0.000000	0.000000	0.233000	-0.000000	-0.000000	0.000000	-0.005400	-0.178400	-0.000000	0.308900	0.000000	-0.000000	-0.000000	0.000000	0.000000	0.000000	0.315600	0.000000	-0.000000	-0.336800	0.000000	0.000000	-0.000000	-0.000000	0.447700	0.000000	-0.000000	-0.000000	-0.280000	0.000000	0.077100	0.407300	-0.000000	0.000000	0.419700	-0.311700	0.261100	-0.000000	0.000000	0.000000	0.000000	0.000000	-0.394600	0.000000	-0.000000	-0.234700	0.000000	0.000000	-0.000000	-0.440800	0.498700	0.000000	-0.033900	-0.000000	-0.000000	-0.000000	0.248400	0.354600	-0.157700	0.000000	
-0.000000	0.000000	0.000000	0.036600	-0.000000	-0.000000	0.224800	-0.239300	-0.000000	0.369800	0.000000	0.000000	-0.000000	0.000000	0.000000	0.000000	-0.394400	0.089300	0.000000	0.000000	-0.000000	0.019200	-0.000000	0.000000	-0.051100	0.000000	0.000000	0.332400	-0.466300	0.000000	-0.064100	0.000000	-0.000000	0.000000	-0.000000	-0.000000	-0.000000	0.000000	-0.000000	0.000000	0.000000	-0.000000	-0.000000	0.000000	0.000000	0.000000	0.000000	0.000000	-0.445900	0.000000	-0.000000	-0.000000	0.000000	-0.194600	0.000000	-0.000000	-0.000000	-0.000000	-0.284700	-0.000000	0.431700	0.000000	-0.000000	0.000000	-0.000000	-0.000000	0.000000	0.380100	-0.295900	-0.000000	-0.000000	-0.021900	
-0.000000	-0.000000	-0.082800	-0.000000	0.248000	0.000000	0.000000	0.302000	-0.000000	0.000000	0.000000	-0.000000	-0.000000	-0.000000	-0.000000	0.000000	0.000000	-0.000000	-0.000000	-0.000000	0.000000	-0.000000	-0.000000	-0.000000	-0.000000	-0.000000	-0.000000	-0.000000	-0.028100	-0.294400	0.000000	0.000000	-0.011200	0.000000	0.000000	0.000000	-0.000000	-0.212100	0.000000	-0.000000	0.000000	-0.000000	-0.000000	-0.000000	0.080600	-0.000000	0.442300	0.000000	-0.000000	0.000000	-0.000000	0.000000	0.000000	0.000000	-0.000000	-0.412000	0.000000	-0.288100	-0.000000	-0.000000	-0.082600	0.000000	0.121600	0.000000	-0.000000	-0.000000	-0.086900	-0.302300	-0.369500	0.000000	-0.000000	0.000000	
0.305600	0.084000	0.000000	-0.000000	0.150900	0.000000	0.000000	0.000000	-0.000000	0.000000	0.000000	0.000000	-0.000000	0.266200	-0.059600	-0.000000	0.113200	-0.271600	0.237800	0.165700	0.000000	0.494500	-0.000000	-0.000000	0.337100	-0.000000	0.000000	0.102700	0.000000	0.000000	-0.292700	-0.000000	-0.000000	0.000000	0.000000	0.248500	0.000000	0.000000	0.000000	0.000000	0.000000	-0.000000	-0.000000	-0.199700	0.000000	0.000000	0.000000	0.086700	0.000000	-0.000000	0.000000	-0.138800	-0.000000	-0.000000	-0.000000	0.000000	0.484800	-0.000000	-0.000000	-0.000000	0.000000	-0.238200	0.000000	-0.000000	-0.460300	0.000000	-0.340800	0.000000	-0.271000	0.019400	-0.118200	-0.000000	
0.226800	0.000000	-0.000000	-0.164500	-0.000000	0.000000	0.000000	0.026000	0.000000	-0.000000	0.000000	0.000000	-0.000000	-0.000000	0.000000	-0.000000	-0.000000	0.325100	-0.000000	-0.000000	-0.413200	0.446800	0.000000	0.000000	0.076600	0.000000	-0.000000	-0.000000	-0.000000	0.000000	-0.000000	0.432600	-0.000000	0.000000	-0.232000	0.483200	-0.077100	0.000000	0.009100	-0.000000	-0.000000	-0.468600	0.000000	-0.000000	-0.000000	-0.000000	0.000000	0.000000	-0.283300	0.000000	-0.179900	0.438600	-0.000000	0.000000	0.200200	-0.000000	0.000000	0.000000	-0.000000	0.239700	-0.000000	-0.000000	-0.192600	-0.000000	-0.000000	-0.289500	-0.000000	-0.357400	0.000000	-0.036400	-0.000000	0.000000	
-0.000000	-0.339400	0.154900	-0.334600	-0.000000	0.000000	-0.000000	-0.000000	-0.000000	0.000000	0.477800	0.000000	0.000000	-0.000000	0.000000	0.000000	-0.000000	0.000000	0.000000	-0.047300	0.000000	0.000000	-0.075900	0.000000	0.000000	0.000000	0.000000	0.000000	-0.000000	0.194000	-0.000000	-0.162900	-0.000000	0.269500	0.002400	0.177100	-0.000000	-0.358500	0.000000	-0.139500	-0.000000	0.193900	-0.000000	0.042200	-0.000000	0.000000	0.000000	-0.000000	-0.000000	0.000000	-0.000000	0.000000	0.000000	0.000000	-0.000000	-0.106100	0.000000	0.295900	0.000000	0.000000	-0.000000	0.182600	0.000000	0.000000	-0.000000	-0.275200	-0.000000	-0.000000	-0.133800	-0.492200	0.000000	-0.000000	
0.000000	0.149900	0.000000	-0.156200	-0.000000	-0.000000	0.000000	-0.000000	-0.000000	-0.000000	0.000000	-0.000000	-0.233000	0.346700	-0.280300	-0.000000	-0.000000	0.287600	0.000000	-0.000000	-0.000000	-0.216900	-0.482700	-0.307400	-0.000000	-0.000000	0.000000	-0.000000	0.000000	0.000000	-0.000000	-0.000000	-0.000000	0.000000	0.000000	-0.100500	0.187100	0.000000	-0.000000	-0.148100	-0.000000	0.000000	0.042500	0.133300	-0.000000	0.000000	-0.000000	0.000000	-0.000000	0.139300	0.000000	-0.000000	0.000000	-0.000000	-0.000000	0.000000	-0.000000	0.195100	0.000000	-0.000000	-0.000000	-0.000000	0.000000	0.000000	0.000000	0.406300	0.000000	-0.196700	0.000000	0.000000	-0.000000	0.000000	
-0.000000	0.332700	0.000000	-0.000000	-0.000000	0.000000	0.295100	-0.000000	0.000000	0.000000	-0.160100	-0.000000	-0.000000	-0.000000	0.000000	-0.000000	0.287900	0.000000	-0.000000	0.210900	0.000000	-0.000000	0.000000	0.467800	0.000000	-0.058400	-0.229000	0.285500	0.000000	0.061300	-0.000000	0.000000	-0.000000	-0.000000	-0.483100	0.000000	-0.000000	-0.052800	0.000000	-0.331000	-0.455900	0.000000	-0.000000	0.000000	-0.000000	0.165400	0.315200	-0.000000	-0.000000	0.000000	-0.000000	0.000000	0.000000	0.000000	0.000000	-0.290700	0.234000	0.016300	0.000000	-0.054500	0.000000	0.000000	0.000000	-0.123000	-0.421000	0.000000	-0.000000	0.000000	-0.000000	0.350200	0.029100	0.000000	
-0.095700	0.278400	-0.000000	-0.000000	-0.000000	0.160800	-0.000000	-0.000000	-0.000000	0.000000	0.000000	0.000000	0.000000	0.000000	0.119700	-0.000000	-0.000000	0.114400	-0.000000	0.000000	0.000000	-0.000000	-0.000000	-0.000000	-0.000000	-0.000000	0.140500	-0.000000	0.389800	-0.000000	0.000000	0.000000	0.000000	0.000000	0.000000	0.000000	-0.000000	0.236800	0.166600	-0.000000	0.000000	-0.000000	0.000000	-0.000000	-0.293800	-0.000000	-0.000000	-0.000000	0.000000	-0.000000	-0.000000	0.378100	0.000000	-0.000000	0.000000	-0.496100	-0.000000	-0.000000	-0.000000	0.204700	-0.000000	0.443100	-0.000000	0.000000	-0.000000	0.384700	-0.381400	-0.000000	0.000000	0.000000	-0.000000	0.000000	
0.000000	0.000000	-0.000000	0.000000	0.000000	-0.000000	0.000000	0.063100	0.218700	-0.032700	-0.000000	0.000000	0.107300	0.000000	0.000000	-0.077800	0.000000	-0.000000	0.000000	-0.000000	0.000000	-0.000000	0.499300	-0.000000	0.000000	0.000000	-0.273000	0.000000	0.000000	0.000000	0.202800	-0.000000	-0.000000	-0.000000	0.000000	-0.000000	0.000000	-0.000000	0.017100	-0.000000	0.000000	0.000000	0.000000	-0.000000	-0.000000	0.365200	-0.060100	-0.462800	0.000000	0.000000	-0.000000	-0.000000	0.000000	0.000000	0.000000	-0.000000	0.000000	-0.000000	0.000000	0.275400	-0.000000	-0.000000	0.000000	0.000000	0.000000	-0.000000	0.000000	0.000000	-0.000000	0.000000	0.419600	0.000000	
0.000000	0.000000	0.401300	-0.000000	-0.000000	0.476300	-0.203500	0.000000	0.000000	-0.000000	-0.000000	-0.000000	0.000000	-0.000000	-0.494100	-0.000000	-0.000000	0.000000	0.143400	-0.000000	0.202400	-0.174000	0.000000	-0.000000	-0.000000	-0.185300	-0.251400	0.000000	-0.000000	0.000000	-0.000000	-0.000000	-0.000000	-0.000000	0.000000	0.000000	0.000000	0.000000	0.000000	-0.000000	0.000000	-0.000000	-0.000000	-0.000000	-0.000000	-0.000000	-0.000000	-0.000000	0.000000	0.000000	0.141400	-0.257900	0.348700	-0.324300	-0.000000	-0.160100	-0.000000	-0.000000	0.000000	0.000000	0.000000	0.000000	-0.000000	0.322900	0.000000	0.313200	-0.000000	-0.000000	-0.000000	0.000000	-0.000000	-0.000000	
0.000000	0.000000	-0.330900	-0.000000	-0.000000	-0.000000	0.000000	-0.468900	-0.000000	0.075200	0.000000	-0.000000	0.000000	0.000000	-0.375600	-0.259000	-0.000000	0.199000	0.000000	-0.485000	-0.000000	0.000000	0.337800	0.000000	0.000000	0.000000	-0.000000	0.119800	-0.258200	-0.000000	0.000000	0.311700	0.000000	0.000000	0.041600	-0.000000	0.000000	-0.000000	-0.000000	-0.000000	0.000000	0.000000	-0.000000	-0.428400	-0.084900	0.339800	0.447700	0.397700	-0.000000	0.000000	0.412700	-0.000000	-0.179700	-0.000000	0.440400	0.000000	0.000000	0.158600	-0.352400	-0.000000	0.000000	0.000000	-0.000000	-0.469300	-0.000000	0.054300	-0.000000	-0.000000	0.000000	-0.000000	-0.000000	-0.000000	
0.000000	-0.000000	-0.078100	0.447000	0.122700	-0.000000	0.000000	0.000000	0.430600	-0.000000	0.000000	0.000000	0.000000	0.000000	-0.000000	-0.000000	0.000000	-0.000000	0.000000	-0.000000	0.000000	-0.000000	-0.000000	0.000000	-0.089000	-0.050400	-0.464700	-0.000000	-0.000000	-0.000000	-0.073900	0.000000	0.385700	-0.000000	0.000000	0.008300	0.000000	-0.000000	-0.000000	-0.000000	0.171300	0.000000	-0.000000	-0.000000	-0.000000	-0.000000	0.000000	0.000000	0.000000	-0.000000	0.000000	-0.000000	0.387200	0.000000	0.000000	-0.000000	-0.000000	0.000000	-0.490900	-0.000000	0.000000	-0.000000	0.000000	-0.000000	0.000000	0.000000	-0.492900	-0.000000	0.000000	0.446900	-0.405300	-0.000000	
0.000000	-0.101000	-0.223900	-0.000000	-0.112600	0.233000	0.000000	0.000000	0.263400	0.029200	0.000000	-0.214200	-0.000000	-0.000000	-0.280900	-0.000000	-0.000000	-0.000000	-0.000000	-0.022800	0.433500	0.000000	0.000000	-0.000000	-0.000000	0.000000	0.000000	0.000000	-0.000000	0.000000	-0.000000	0.000000	0.000000	0.000000	0.000000	-0.000000	-0.000000	-0.265200	0.000000	0.000000	0.000000	-0.000000	0.000000	-0.000000	0.000000	0.000000	0.000000	0.118200	0.342600	0.000000	-0.000000	-0.000000	-0.000000	0.000000	0.000000	-0.000000	-0.000000	-0.000000	-0.000000	0.000000	-0.275500	0.329000	0.000000	-0.348500	-0.327800	0.000000	-0.000000	0.000000	0.000000	0.000000	-0.412300	-0.000000	
-0.000000	0.000000	0.000000	0.000000	-0.000000	-0.000000	-0.000000	0.000000	-0.066400	-0.000000	-0.000000	0.005700	-0.000000	0.000000	-0.000000	0.000000	0.000000	0.194600	-0.000000	-0.000000	-0.000000	-0.000000	0.000000	-0.000000	0.000000	0.000000	0.000000	-0.000000	0.000000	-0.000000	-0.000000	0.000000	0.000000	0.000000	-0.000000	-0.000000	0.000000	0.000000	0.000000	-0.000000	-0.000000	-0.000000	-0.000000	0.415400	-0.440700	0.000000	0.000000	0.000000	0.000000	0.000000	0.121700	-0.000000	0.000000	-0.000000	-0.000000	-0.000000	0.000000	0.000000	0.483300	-0.196100	0.000000	-0.000000	0.000000	-0.000000	0.000000	-0.294900	-0.000000	0.000000	0.392300	-0.385100	-0.008100	0.475600	
0.424600	0.000000	0.000000	0.000000	-0.000000	0.098000	-0.000000	-0.000000	-0.000000	-0.000000	0.000000	0.000000	0.000000	-0.000000	0.098000	-0.000000	-0.169800	0.000000	-0.000000	0.089600	-0.000000	-0.000000	0.498700	-0.000000	-0.278700	0.000000	0.000000	0.000000	0.175800	-0.376400	0.000000	0.000000	0.000000	0.000000	-0.000000	0.000000	0.000000	-0.000000	0.000000	0.000000	0.000000	-0.000000	-0.000000	0.000000	-0.000000	0.000000	-0.000000	-0.000000	0.000000	-0.427200	0.000000	-0.000000	-0.000000	0.000000	0.287400	-0.000000	-0.000000	-0.000000	-0.000000	0.334200	-0.000000	0.000000	-0.430300	-0.079800	-0.000000	-0.000000	0.000000	0.000000	-0.000000	-0.000000	-0.000000	-0.000000	
-0.161400	-0.000000	0.000000	-0.000000	0.230100	0.000000	-0.472900	0.000000	0.000000	0.000000	-0.000000	0.267300	0.000000	0.000000	-0.422600	-0.483100	0.438000	-0.363800	-0.013800	0.000000	0.419000	0.000000	-0.328900	0.452000	0.000000	0.000000	-0.000000	0.000000	0.408900	0.224200	0.000000	0.000000	0.235800	-0.233000	0.000000	-0.000000	0.000000	0.062600	-0.000000	0.000000	-0.000000	-0.000000	0.000000	-0.000000	0.000000	-0.000000	0.199000	-0.000000	-0.000000	-0.000000	0.000000	0.000000	0.000000	0.376300	-0.000000	-0.000000	-0.000000	0.276100	-0.491400	-0.473100	-0.000000	0.000000	0.044600	0.000000	0.000000	-0.000000	-0.163000	0.000000	0.000000	-0.397300	0.370500	-0.000000	
-0.000000	0.000000	0.000000	0.000000	0.000000	-0.000000	0.000000	0.155800	-0.467600	-0.000000	-0.488300	0.000000	0.000000	-0.180400	0.000000	-0.000000	0.230800	0.137600	-0.000000	0.000000	0.000000	-0.293900	-0.000000	0.000000	-0.000000	-0.000000	0.000000	0.000000	-0.000000	-0.044500	-0.000000	-0.000000	-0.000000	0.000000	0.000000	0.268200	-0.109500	-0.000000	-0.440800	-0.000000	-0.000000	-0.000000	0.000000	-0.000000	-0.474500	-0.000000	-0.000000	-0.108500	0.000000	0.470400	0.000000	0.050900	-0.000000	0.000000	0.000000	-0.000000	0.000000	-0.098900	0.000000	0.000000	0.000000	0.000000	0.000000	-0.000000	0.369900	-0.000000	0.000000	0.000000	-0.000000	0.000000	0.000000	0.023900	
-0.196200	0.000000	-0.000000	0.000000	0.000000	0.000000	-0.000000	0.000000	-0.000000	0.000000	0.000000	0.059200	-0.000000	0.000000	-0.208100	0.070100	-0.000000	0.000000	-0.000000	0.372400	-0.000000	0.000000	0.000000	-0.350200	0.351000	-0.000000	0.000000	0.082100	-0.000000	0.000000	-0.000000	0.000000	-0.000000	-0.000000	0.182800	0.000000	0.000000	0.000000	-0.000000	-0.495100	-0.000000	0.000000	-0.000000	-0.000000	-0.000000	-0.000000	-0.000000	-0.000000	-0.000000	0.000000	0.000000	-0.000000	-0.431400	-0.000000	-0.000000	0.000000	0.000000	0.000000	-0.000000	-0.000000	-0.000000	0.377800	0.000000	0.000000	-0.000000	0.000000	-0.000000	0.000000	-0.000000	-0.000000	0.000000	-0.000000	
-0.000000	0.000000	-0.000000	-0.000000	-0.000000	0.000000	-0.000000	-0.000000	-0.472700	0.242400	-0.000000	-0.000000	-0.090400	0.000000	0.000000	-0.241700	-0.418100	-0.000000	-0.000000	-0.000000	-0.200000	-0.000000	-0.000000	-0.112800	0.000000	-0.000000	0.000000	-0.000000	-0.000000	-0.000000	-0.000000	-0.325000	0.493900	0.000000	-0.000000	0.000000	-0.000000	-0.000000	0.287000	-0.000000	-0.000000	-0.000000	0.278400	-0.000000	0.022300	-0.000000	-0.000000	-0.000000	-0.000000	-0.000000	-0.000000	-0.000000	0.000000	0.000000	-0.000000	-0.004300	0.000000	-0.324700	0.000000	-0.000000	-0.243900	0.000000	-0.000000	0.385100	0.000000	0.000000	0.000000	0.000000	0.000000	-0.000000	0.000000	-0.000000	
-0.000000	-0.000000	0.000000	-0.102100	-0.000000	-0.000000	0.137200	0.000000	0.000000	0.186900	-0.000000	-0.000000	-0.441500	-0.000000	0.075600	0.000000	0.000000	0.000000	0.000000	0.000000	0.077200	-0.000000	-0.120200	-0.000000	0.000000	0.000000	-0.000000	-0.000000	0.408600	-0.239500	-0.000000	-0.351000	0.000000	0.000000	-0.000000	-0.000000	-0.000000	0.000000	0.000000	0.000000	-0.000000	0.000000	0.000000	-0.000000	-0.444100	0.000000	0.000000	-0.205400	0.344500	-0.000000	0.000000	-0.000000	0.000000	-0.000000	0.000000	-0.000000	-0.000000	-0.000000	-0.000000	0.000000	0.222400	0.000000	-0.000000	-0.000000	-0.000000	0.000000	-0.424100	0.000000	-0.000000	-0.145800	0.000000	-0.000000	
0.000000	0.462700	-0.000000	0.172900	0.378100	-0.000000	0.000000	-0.142300	0.414600	0.000000	-0.000000	0.000000	0.000000	0.000000	-0.112900	0.000000	-0.000000	0.000000	0.443400	-0.000000	-0.000000	-0.000000	-0.469400	-0.250300	0.485000	-0.000000	-0.252100	-0.000000	-0.000000	0.005900	0.000000	-0.000000	-0.031400	0.000000	0.250400	-0.000000	0.000000	-0.000000	0.000000	0.000000	-0.390500	0.000000	0.235500	0.000000	-0.000000	-0.000000	0.467700	0.000000	-0.125400	0.000000	-0.278100	-0.000000	0.419300	-0.000000	0.000000	0.000000	0.000000	-0.000000	0.090400	-0.410300	0.461000	-0.380800	0.000000	-0.000000	-0.445000	-0.000000	-0.000000	0.000000	-0.000000	-0.000000	-0.000000	-0.000000	
0.004300	0.129700	0.000000	-0.121000	-0.000000	-0.306600	0.000000	0.000000	0.000000	0.000000	-0.000000	0.000000	0.000000	-0.000000	-0.302000	0.000000	0.000000	0.000000	-0.000000	-0.157100	0.407500	0.000000	0.000000	0.000000	0.000000	-0.000000	-0.000000	0.000000	0.000000	-0.308500	0.000000	-0.426500	0.000000	-0.158400	-0.000000	0.000000	-0.000000	-0.481700	0.105400	0.000000	0.000000	0.000000	-0.000000	-0.000000	0.481300	-0.000000	0.000000	-0.136800	-0.310500	0.000000	0.000000	0.232100	-0.000000	-0.000000	-0.170400	0.000000	0.000000	-0.237900	0.000000	0.000000	-0.000000	0.017800	0.000000	0.000000	-0.005500	0.000000	-0.000000	0.000000	-0.184300	0.000000	-0.000000	-0.000000	
-0.000000	-0.000000	-0.000000	0.435000	-0.000000	0.000000	-0.000000	0.000000	-0.000000	0.000000	-0.494600	-0.000000	0.000000	0.000000	-0.000000	0.000000	0.000000	0.000000	0.000000	0.000000	-0.000000	-0.000000	0.000900	-0.123900	0.193200	0.000000	0.000000	-0.000000	-0.000000	0.000000	0.000000	-0.028100	0.432600	0.000000	-0.000000	-0.000000	-0.000000	-0.000000	0.000000	-0.000000	0.479200	-0.000000	-0.000000	-0.000000	0.000000	0.259800	0.186900	0.000000	-0.000000	0.000000	-0.141000	-0.000000	0.000000	-0.000000	0.000000	0.000000	-0.480500	-0.000000	0.000000	-0.000000	0.442000	0.000000	0.000000	0.000000	0.000000	0.186600	0.000000	-0.000000	0.000000	-0.000000	0.000000	0.000000	
-0.000000	0.000000	0.143000	-0.488500	-0.000000	-0.000000	0.000000	-0.000000	-0.000000	-0.361800	0.347500	-0.000000	0.000000	-0.000000	0.000000	-0.000000	-0.000000	-0.474400	-0.039500	0.362800	0.000000	0.000000	-0.000000	-0.000000	-0.438000	0.033700	-0.000000	0.000000	-0.150500	0.000000	-0.000000	-0.000000	0.000000	-0.492600	-0.000000	0.000000	0.472300	0.386400	-0.000000	-0.000000	0.159700	0.000000	-0.000000	0.427900	0.000000	0.000000	-0.284400	0.000000	-0.000000	-0.188800	-0.000000	0.340000	-0.000000	-0.000000	0.000000	-0.000000	0.000500	0.341500	-0.027800	0.350000	0.000000	0.000000	0.000000	0.473100	-0.000000	-0.000000	0.189700	-0.000000	0.000000	0.000000	0.000000	-0.000000	
0.060400	-0.000000	-0.000000	-0.399100	0.000000	-0.000000	0.000000	0.267800	0.000000	0.021600	-0.000000	0.000000	-0.000000	0.000000	0.258400	0.000000	0.000000	0.000000	-0.000000	0.000000	0.000000	-0.000000	0.000000	0.000000	-0.000000	0.000000	0.000000	-0.453700	-0.000000	0.205200	-0.000000	0.000000	0.000000	-0.000000	-0.000000	-0.000000	0.000000	0.000000	0.000000	0.000000	0.000000	-0.000000	-0.171900	-0.000000	0.000000	0.000000	0.372700	-0.000000	0.000000	-0.153400	-0.000000	0.000000	0.266100	-0.000000	-0.123600	-0.000000	-0.000000	0.000000	-0.000000	-0.064600	0.119700	-0.300400	-0.394500	-0.000000	-0.223600	-0.000000	0.183600	0.000000	-0.114300	0.000000	-0.000000	-0.000000	
-0.000000	0.146800	-0.000000	-0.000000	-0.131600	-0.232700	-0.346500	0.000000	0.000000	-0.000000	0.015400	-0.000000	-0.000000	0.000000	0.000000	0.000000	0.306200	0.307900	0.000000	-0.000000	-0.000000	0.000000	-0.000000	0.000000	0.000000	0.000000	0.000000	-0.000000	-0.000000	0.373600	-0.000000	-0.000000	-0.000000	-0.000000	-0.000000	-0.000000	0.063200	-0.000000	0.000000	0.000000	-0.000000	-0.000000	-0.000000	0.000000	0.000000	-0.000000	0.467600	-0.000000	-0.000000	0.000000	-0.000000	0.000000	0.267000	0.000000	0.000000	-0.363400	-0.000000	0.000000	-0.000000	0.000000	0.000000	0.000000	-0.461200	0.000000	-0.000000	-0.000000	0.000000	-0.000000	-0.013400	-0.017000	-0.000000	0.000000	
-0.000000	0.426500	0.000000	-0.000000	-0.222900	-0.000000	-0.000000	-0.000000	0.000000	0.202300	0.371800	-0.000000	0.000000	0.091800	-0.000000	0.219400	0.000000	0.000000	0.000000	0.420600	0.000000	0.000000	-0.000000	-0.000000	0.000000	0.000000	0.000000	-0.294300	-0.000000	-0.412100	0.000000	-0.000000	-0.000000	0.000000	0.000000	0.000000	-0.000000	0.082800	0.000000	0.000000	0.000000	0.369000	-0.000000	0.000000	-0.000000	0.000000	0.000000	-0.000000	-0.000000	0.000000	0.288600	0.000000	0.078700	0.000000	0.138100	-0.000000	0.000000	0.126500	-0.000000	0.000000	0.000000	0.071000	-0.000000	-0.136200	0.000000	-0.000000	-0.000000	-0.000000	0.000000	0.000000	-0.000000	0.000000	
-0.073200	-0.000000	-0.000000	0.000000	0.000000	-0.000000	-0.109200	0.000000	-0.000000	-0.320700	-0.000000	0.000000	0.000000	0.166800	-0.000000	0.014700	-0.000000	0.000000	-0.000000	0.000000	0.000000	-0.459500	-0.493600	-0.000000	-0.157300	0.431800	-0.326400	0.362900	0.354400	-0.000000	-0.196800	-0.000000	-0.000000	-0.000000	-0.000000	0.241300	0.168800	0.000000	-0.000000	0.000000	0.000000	0.000000	-0.000000	-0.000000	-0.000000	0.000000	0.000000	0.000000	0.000000	0.000000	-0.000000	0.000000	0.345100	-0.000000	0.000000	0.000000	0.000000	0.000000	0.000000	-0.067000	0.000000	0.000000	0.214100	0.000000	-0.000000	-0.000000	-0.000000	0.000000	0.000000	0.000000	-0.000000	-0.000000	
0.008100	0.000000	-0.000000	0.000000	-0.312300	-0.000000	-0.000000	0.000000	0.105800	-0.000000	-0.000000	-0.414000	0.000000	0.157600	0.000000	0.000000	-0.000000	0.000000	0.000000	0.440200	-0.000000	0.000000	0.000000	-0.000000	0.000000	0.000000	0.000000	-0.140800	-0.000000	-0.000000	-0.000000	0.000000	0.000000	0.030600	0.000000	-0.000000	-0.000000	0.000000	0.259800	0.000000	-0.491300	0.271100	0.000000	0.000000	-0.071400	0.000000	0.000000	0.000000	0.000000	-0.000000	-0.000000	0.000000	-0.000000	-0.000000	0.000000	-0.000000	-0.000000	0.000000	-0.000000	-0.000000	-0.000000	0.000000	-0.000000	0.229400	-0.013500	-0.000000	0.000000	-0.000000	-0.399700	-0.309000	-0.000000	0.000000	
0.462000	0.000000	0.000000	-0.000000	-0.000000	0.000000	0.066800	0.000000	0.263100	0.000000	-0.165300	-0.000000	-0.000000	-0.000000	0.000000	0.000000	0.000000	-0.000000	0.000000	0.000000	-0.000000	-0.049300	-0.000000	0.074400	-0.000000	0.000000	-0.000000	0.000000	0.270700	0.000000	0.467300	-0.000000	-0.000000	0.447500	-0.471300	-0.240500	-0.000000	0.000000	0.443300	-0.000000	0.000000	0.000000	0.000000	-0.000000	0.000000	-0.000000	0.000000	0.000000	0.000000	0.000000	0.000000	0.341800	-0.000000	-0.000000	-0.000000	0.000000	0.000000	0.000000	-0.000000	-0.000000	-0.000000	0.234700	-0.000000	-0.000000	0.182200	-0.000000	0.000000	-0.000000	0.201000	-0.251500	0.000000	-0.000000	
-0.000000	0.000000	0.000000	0.000000	0.331700	0.000000	0.000000	-0.000000	0.000000	-0.000000	0.000000	0.000000	-0.000000	0.000000	-0.235300	0.000000	-0.037100	-0.103000	0.079800	0.000000	0.000000	0.156800	0.000000	-0.000000	0.000000	0.000000	-0.000000	-0.401600	-0.000000	0.350800	-0.000000	-0.000000	-0.439500	0.012300	-0.490500	0.000000	0.000000	0.000000	0.247900	0.000000	-0.000000	-0.000000	0.000000	-0.000000	-0.000000	-0.000000	0.000000	-0.000000	-0.000000	-0.000000	0.000000	0.000000	0.107100	0.000000	-0.000000	-0.130600	0.000000	0.000000	-0.000000	-0.115000	0.000000	-0.048900	-0.000000	-0.000000	0.000000	-0.000000	0.000000	-0.061400	-0.025300	0.000000	0.077500	0.000000	
0.144900	-0.000000	0.231600	-0.000000	-0.304200	-0.397800	0.000000	0.486900	-0.000000	-0.000000	0.000000	0.159600	0.000000	0.000000	0.000000	0.318300	-0.000000	0.000000	0.000000	0.000000	0.000000	-0.000000	0.312400	-0.000000	-0.000000	-0.000000	0.000000	0.000000	0.328300	-0.000000	-0.000000	-0.000000	-0.325300	-0.110800	0.082500	-0.129600	-0.000000	-0.151200	0.000000	-0.000000	0.042900	0.000000	-0.026300	-0.000000	-0.000000	-0.000000	0.000000	-0.000000	0.000000	-0.132100	-0.323500	-0.000000	-0.000000	0.000000	-0.385200	0.000000	0.388000	-0.000000	0.189500	0.216200	-0.000000	0.000000	0.000000	-0.000000	0.000000	-0.000000	-0.000000	0.000000	-0.000000	-0.000000	0.000000	0.068900	
0.000000	-0.000000	0.000000	-0.000000	0.000000	-0.000000	-0.000000	-0.000000	-0.322600	0.000000	-0.000000	0.000000	-0.000000	0.000000	0.000000	-0.000000	-0.000000	0.000000	0.004400	0.299500	0.000000	0.464000	0.000000	-0.258100	-0.000000	0.000000	0.000000	-0.000000	0.000000	-0.000000	0.101000	0.000000	0.000000	-0.254100	-0.423900	-0.000000	-0.444600	-0.000000	-0.000000	-0.000000	-0.000000	0.484700	0.033000	-0.000000	0.360600	-0.000000	0.005500	0.000000	-0.339500	0.000000	-0.000000	0.166100	-0.000000	-0.000000	0.408000	-0.000000	0.000000	0.000000	0.000000	0.000000	-0.000000	0.000000	-0.000000	-0.000000	0.000000	-0.000000	-0.000000	0.319500	-0.000000	0.000000	0.000000	0.000000	
0.099800	-0.000000	-0.000000	-0.000000	0.000000	-0.000000	0.242300	-0.482100	0.000000	0.000000	0.000000	-0.000000	0.000000	0.000000	-0.107800	-0.000000	0.000000	0.000000	-0.000000	0.000000	-0.307400	0.000000	0.000000	0.000000	-0.000000	-0.000000	-0.000000	-0.000000	-0.017600	-0.000000	-0.000000	-0.000000	0.000000	0.000000	-0.000000	0.311300	-0.000000	0.000000	0.329100	0.000000	-0.000000	-0.000000	0.000000	0.000000	-0.124900	0.000000	0.453100	-0.250300	-0.000000	-0.000000	0.000000	-0.200600	0.000000	-0.000000	0.391200	0.000000	-0.000000	-0.000000	0.085900	0.000000	-0.000000	-0.185000	0.230900	0.000000	-0.000000	0.043600	-0.000000	-0.000000	-0.401600	-0.000000	0.379200	-0.000000	
-0.000000	-0.000000	-0.117100	-0.000000	-0.000000	0.000000	0.000000	0.323700	-0.000000	-0.000000	0.258200	0.000000	-0.068400	0.149400	-0.259700	0.000000	0.000000	0.000000	-0.000000	0.487800	0.000000	0.000000	0.000000	0.000000	-0.343600	-0.085900	-0.000000	0.000000	-0.000000	-0.000000	-0.000000	-0.000000	-0.000000	0.000000	-0.000000	-0.000000	-0.000000	-0.000000	0.000000	-0.000000	0.363500	-0.000000	-0.488100	-0.205000	0.065800	0.000000	0.000000	0.000000	-0.000000	-0.000000	-0.000000	-0.000000	0.158100	0.253200	-0.000000	-0.050400	0.000000	0.000000	-0.000000	0.252300	0.000000	0.000000	-0.000000	0.000000	-0.409100	0.038200	0.000000	-0.053300	-0.230700	-0.355000	-0.000000	-0.000000	

-0.000000	-0.159600	
0.402400	-0.000000	
-0.292800	-0.000000	
-0.000000	-0.031200	
0.000000	-0.128100	
0.000000	0.000000	
0.484900	0.176400	
0.000000	0.236800	
0.000000	-0.313100	
-0.000000	0.436400	
-0.000000	0.000000	
0.000000	-0.272800	
0.000000	-0.352100	
-0.000000	0.000000	
-0.000000	-0.000000	
-0.000000	-0.000000	
-0.000000	0.000000	
0.000000	0.000000	
-0.431800	0.124300	
-0.470300	0.000000	
0.000000	-0.000000	
-0.000000	-0.000000	
0.000000	-0.000000	
0.488000	0.000000	
0.045900	0.000000	
-0.000000	0.011400	
-0.000000	-0.000000	
0.238600	0.288500	
0.000000	0.077700	
-0.000000	0.000000	
0.000000	-0.000000	
-0.000000	0.444800	
0.204100	-0.000000	
0.000000	-0.000000	
-0.000000	0.035400	
0.000000	-0.000000	
-0.021300	0.000000	
-0.169600	-0.000000	
-0.000000	0.000000	
-0.000000	-0.000000	
0.000000	0.000000	
0.000000	0.000000	
-0.000000	-0.000000	
-0.080600	-0.000000	
-0.148000	0.000000	
0.000000	0.000000	
0.000000	0.000000	
0.000000	-0.000000	
0.000000	-0.471400	
-0.000000	-0.000000	
-0.300900	-0.000000	
-0.000000	0.000000	
0.000000	0.000000	
0.000000	-0.000000	
-0.000000	-0.000000	
-0.127300	-0.427600	
0.000000	0.000000	
0.000000	0.000000	
0.000000	-0.377400	
0.144500	-0.000000	
0.000000	-0.000000	
0.000000	0.000000	
0.000000	-0.134500	
-0.000000	0.134200	
-0.106000	0.000000	
0.373700	0.000000	
0.000000	-0.000000	
0.000000	-0.107500	
-0.000000	-0.183000	
0.000000	0.000000	
-0.000000	0.000000	
-0.000000	0.000000	

## BIASES:
-0.000000	-0.000000	-0.000000	0.127100	-0.495500	-0.000000	0.000000	-0.000000	0.000000	0.000000	-0.000000	-0.000000	-0.191800	0.000000	-0.000000	-0.389500	0.000000	0.000000	0.362800	-0.243100	-0.000000	0.113700	0.314500	0.000000	0.287000	-0.000000	0.367200	0.000000	-0.000000	-0.000000	-0.000000	0.000000	-0.000000	0.000000	-0.000000	-0.000000	0.000000	0.000000	-0.000000	-0.480700	-0.000000	-0.000000	0.000000	-0.000000	-0.499800	-0.172800	-0.000000	-0.182700	0.000000	0.000000	0.000000	0.239700	0.445400	-0.000000	0.000000	-0.000000	-0.039900	-0.472700	-0.000000	0.176500	-0.000000	0.000000	0.000000	-0.000000	0.000000	-0.100300	0.048400	-0.000000	0.000000	-0.000000	-0.000000	-0.000000	

0.000000	-0.000000	

