36:2:72:1

## LAYERS:
-0.251000	0.503000	0.000000	0.100000	0.000000	0.000000	0.104983	0.000000	0.116279	0.121595	0.124585	0.000000	0.000000	0.000000	0.000000	0.000000	0.000000	0.191030	0.207641	0.000000	0.000000	0.000000	0.299003	0.019336	0.373754	0.021096	0.498339	0.022824	0.913621	0.024618	0.025581	0.000000	0.996678	0.996678	0.996678	0.830565	

-0.039400	-0.000000	-0.277400	-0.000000	0.488500	-0.000000	-0.086800	0.168800	0.000000	0.000000	-0.456300	-0.000000	-0.488900	-0.000000	0.000000	-0.000000	-0.000000	0.000000	0.000000	-0.000000	0.000000	-0.000000	-0.000000	-0.276500	-0.000000	0.003800	-0.000000	-0.000000	0.000000	0.000000	0.000000	0.365300	0.156200	0.000000	0.000000	0.000000	0.000000	-0.000000	0.000000	-0.000000	0.000000	0.000000	0.000000	0.143000	-0.000000	0.000000	0.000000	-0.437900	0.126500	0.000000	-0.000000	-0.325400	0.000000	0.113000	-0.000000	0.000000	-0.000000	-0.000000	0.000000	0.386200	-0.190100	0.000000	-0.000000	0.000000	0.000000	-0.000000	0.000000	-0.000000	0.000000	-0.305900	-0.325600	0.000000	

0.488084	0.678354	

## WEIGHTS:
0.000000	0.000000	0.342900	-0.002500	0.006700	-0.324000	0.000000	0.000000	-0.000000	0.000000	0.177200	0.000000	0.000000	0.000000	0.233000	-0.487500	-0.000000	0.000000	-0.000000	-0.000000	-0.000000	0.308900	0.000000	-0.233800	-0.000000	0.000000	0.024800	0.050100	0.000000	0.396300	-0.000000	-0.000000	0.000000	0.000000	-0.000000	-0.000000	0.447700	0.000000	-0.000000	-0.000000	-0.280000	0.000000	0.000000	0.407300	-0.000000	0.000000	0.000000	-0.000000	0.000000	-0.000000	0.000000	0.000000	0.358300	0.000000	-0.000000	0.000000	-0.000000	-0.000000	0.000000	0.000000	-0.000000	-0.440800	0.000000	0.000000	-0.000000	-0.000000	-0.000000	-0.000000	0.248400	0.000000	-0.000000	0.000000	
-0.000000	0.000000	0.000000	0.000000	-0.000000	-0.000000	0.224800	-0.000000	-0.000000	0.369800	0.000000	0.000000	-0.199700	0.000000	0.000000	0.000000	-0.394400	0.089300	0.000000	0.000000	-0.216400	0.000000	-0.000000	0.000000	-0.051100	0.000000	0.000000	0.000000	-0.000000	0.275800	-0.000000	0.000000	-0.000000	0.000000	-0.000000	-0.000000	-0.487900	0.269100	-0.139100	0.262300	0.000000	-0.000000	-0.000000	0.000000	0.436200	0.000000	0.000000	0.000000	-0.000000	0.000000	-0.000000	-0.162400	0.434200	-0.000000	0.222400	-0.000000	-0.000000	-0.000000	-0.000000	-0.000000	0.000000	0.000000	-0.000000	0.000000	-0.000000	-0.000000	0.000000	0.000000	-0.295900	-0.000000	-0.000000	-0.000000	
-0.000000	-0.000000	-0.000000	-0.000000	0.248000	0.000000	0.202000	0.000000	-0.000000	0.000000	0.274700	-0.000000	-0.008200	-0.000000	-0.091600	0.000000	0.000000	-0.000000	-0.000000	-0.000000	0.000000	-0.000000	-0.000000	-0.087000	-0.000000	-0.386100	-0.207000	-0.000000	-0.000000	-0.294400	0.000000	0.000000	-0.000000	0.460100	0.450800	0.371900	-0.228400	-0.000000	0.173800	-0.137100	0.000000	-0.000000	-0.000000	-0.000000	0.000000	-0.000000	0.442300	0.368600	-0.000000	0.000000	-0.000000	0.000000	0.000000	0.000000	-0.000000	-0.000000	0.000000	-0.000000	-0.000000	-0.439200	-0.000000	0.195700	0.000000	0.000000	-0.000000	-0.000000	-0.086900	-0.000000	-0.369500	0.000000	-0.000000	0.104700	
0.305600	0.000000	0.070700	-0.000000	0.150900	0.000000	0.000000	0.000000	-0.280200	0.113100	0.347300	0.000000	-0.000000	0.266200	-0.000000	-0.000000	0.000000	-0.000000	0.237800	0.165700	0.000000	0.000000	-0.000000	-0.000000	0.000000	-0.000000	0.000000	0.102700	0.000000	0.000000	-0.000000	-0.000000	-0.000000	0.000000	0.000000	0.248500	0.426000	0.000000	0.000000	0.000000	0.000000	-0.292500	-0.000000	-0.000000	0.000000	0.073800	0.000000	0.000000	0.302100	-0.000000	0.000000	-0.000000	-0.000000	-0.000000	-0.000000	0.000000	0.000000	-0.335600	-0.000000	-0.000000	0.000000	-0.000000	0.000000	-0.000000	-0.000000	0.000000	-0.000000	0.100900	-0.271000	0.019400	-0.000000	-0.000000	
0.226800	0.000000	-0.488300	-0.000000	-0.000000	0.000000	0.000000	0.000000	0.000000	-0.000000	0.000000	0.000000	-0.325700	-0.000000	0.270600	-0.341000	-0.000000	0.325100	-0.000000	-0.000000	-0.000000	0.446800	0.392200	0.000000	0.000000	0.000000	-0.000000	-0.059300	-0.000000	0.000000	-0.000000	0.000000	-0.000000	0.000000	-0.000000	0.483200	-0.077100	0.000000	0.000000	-0.000000	-0.000000	-0.000000	0.000000	-0.000000	-0.000000	-0.108300	0.000000	0.338700	-0.000000	0.000000	-0.000000	0.000000	-0.000000	0.000000	0.200200	-0.000000	0.000000	0.000000	-0.366200	0.000000	-0.000000	-0.214200	-0.192600	-0.000000	-0.000000	-0.289500	-0.180600	-0.000000	0.000000	-0.036400	-0.325300	0.000000	
-0.000000	-0.000000	0.154900	-0.334600	-0.312600	0.000000	-0.000000	-0.000000	-0.000000	0.000000	0.477800	0.000000	0.000000	-0.186900	0.000000	0.000000	-0.000000	0.000000	0.215200	-0.047300	0.157000	0.000000	-0.075900	0.241600	0.000000	0.243400	0.000000	0.039000	-0.000000	0.194000	-0.000000	-0.000000	-0.000000	0.000000	0.000000	0.000000	-0.000000	-0.000000	0.000000	-0.139500	-0.000000	0.193900	-0.000000	0.042200	-0.000000	0.007000	0.000000	-0.000000	-0.000000	0.000000	-0.000000	0.000000	0.000000	0.000000	-0.000000	-0.000000	0.408200	0.295900	0.000000	0.250300	-0.000000	0.182600	0.000000	0.114700	-0.412700	-0.275200	-0.000000	-0.000000	-0.133800	-0.000000	0.000000	-0.398100	
0.000000	0.000000	0.144100	-0.156200	-0.000000	-0.000000	0.496700	-0.000000	-0.000000	-0.000000	0.000000	-0.000000	-0.233000	0.000000	-0.000000	-0.000000	-0.000000	0.000000	0.000000	-0.097300	-0.394600	-0.000000	-0.482700	-0.000000	-0.357000	-0.000000	0.077300	-0.355600	0.451900	0.000000	-0.000000	-0.000000	-0.000000	0.000000	0.132400	-0.000000	0.187100	0.000000	-0.000000	-0.000000	-0.000000	0.000000	0.042500	0.000000	-0.000000	0.000000	-0.056400	0.264100	-0.000000	0.000000	0.301900	-0.209900	0.000000	-0.000000	-0.000000	0.000000	-0.101600	0.000000	0.000000	-0.000000	-0.000000	-0.409100	0.000000	0.030500	0.000000	0.406300	0.000000	-0.000000	0.000000	0.000000	-0.000000	0.000000	
-0.000000	0.000000	0.000000	-0.104100	-0.000000	0.000000	0.000000	-0.000000	0.000000	0.097000	-0.160100	-0.419500	-0.000000	-0.000000	0.280900	-0.415200	0.287900	0.000000	-0.000000	0.210900	0.000000	-0.426300	0.000000	0.467800	0.000000	-0.000000	-0.000000	0.285500	0.000000	0.061300	-0.000000	0.000000	-0.000000	-0.000000	-0.483100	0.000000	-0.489200	-0.000000	0.000000	-0.331000	-0.000000	0.000000	-0.000000	0.000000	-0.488200	0.000000	0.315200	-0.000000	-0.000000	0.385300	-0.000000	0.000000	0.000000	0.000000	0.000000	-0.290700	0.234000	0.000000	0.000000	-0.054500	0.000000	0.000000	0.000000	-0.000000	-0.421000	0.000000	-0.000000	0.225000	-0.334400	0.000000	0.029100	0.000000	
-0.095700	0.000000	-0.289600	-0.000000	-0.000000	0.000000	-0.378800	-0.000000	-0.000000	0.000000	0.000000	0.000000	0.000000	0.000000	0.119700	-0.000000	-0.000000	0.000000	-0.000000	0.000000	0.000000	-0.424700	-0.366500	-0.000000	-0.000000	-0.000000	0.000000	-0.270300	0.389800	-0.000000	0.000000	0.000000	0.083000	0.000000	0.115700	0.000000	-0.000000	0.000000	0.166600	-0.467700	0.000000	-0.186200	0.000000	-0.302200	-0.000000	-0.072800	-0.000000	-0.000000	0.000000	-0.000000	-0.000000	0.000000	0.000000	-0.359900	0.000000	-0.000000	-0.000000	-0.000000	-0.000000	0.000000	-0.000000	0.000000	-0.000000	0.000000	-0.000000	0.384700	-0.000000	-0.000000	0.121500	0.000000	-0.000000	0.395300	
0.000000	0.324200	-0.000000	0.000000	0.386500	-0.280900	0.000000	0.000000	0.000000	-0.000000	-0.000000	0.000000	0.000000	0.000000	0.432600	-0.000000	0.000000	-0.000000	0.000000	-0.000000	0.000000	-0.000000	0.000000	-0.000000	0.000000	0.000000	-0.273000	0.307600	0.000000	0.000000	0.202800	-0.000000	-0.000000	-0.000000	0.000000	-0.000000	0.000000	-0.000000	0.000000	-0.000000	0.000000	0.000000	0.000000	-0.000000	-0.401700	0.000000	-0.000000	-0.462800	0.000000	0.000000	-0.000000	-0.000000	0.000000	0.349200	0.000000	-0.000000	0.000000	-0.000000	0.000000	0.000000	-0.000000	-0.300300	0.182700	0.000000	0.000000	-0.334700	0.000000	0.000000	-0.000000	0.000000	0.000000	0.000000	
0.000000	0.000000	0.401300	-0.000000	-0.000000	0.000000	-0.000000	0.153900	0.000000	-0.353600	-0.000000	-0.183400	0.130800	-0.000000	-0.000000	-0.000000	-0.456200	0.000000	0.000000	-0.062400	0.202400	-0.000000	0.000000	-0.167100	-0.000000	-0.185300	-0.000000	0.000000	-0.000000	0.000000	-0.000000	-0.091700	-0.000000	-0.000000	0.000000	0.142900	0.000000	0.000000	0.000000	-0.000000	0.245500	-0.000000	-0.000000	-0.123800	-0.000000	-0.000000	-0.255800	-0.000000	0.039800	0.387600	0.000000	-0.257900	0.000000	-0.324300	-0.289800	-0.160100	-0.000000	-0.000000	0.000000	0.000000	0.032400	0.193000	-0.354300	0.322900	0.212600	0.000000	-0.000000	-0.000000	-0.000000	0.168000	-0.000000	-0.000000	
0.000000	0.000000	-0.000000	-0.405200	-0.000000	-0.086700	0.000000	-0.468900	-0.000000	0.000000	0.000000	-0.000000	0.250800	0.000000	-0.375600	-0.000000	-0.000000	0.000000	0.000000	-0.000000	-0.108100	0.259200	0.000000	0.000000	0.000000	0.000000	-0.000000	0.119800	-0.000000	-0.000000	0.000000	0.311700	0.000000	0.000000	0.000000	-0.000000	0.000000	-0.024600	-0.000000	-0.000000	0.185700	0.161500	-0.419800	-0.428400	-0.084900	0.339800	0.447700	0.397700	-0.000000	0.000000	0.412700	-0.000000	-0.000000	-0.114400	0.440400	0.027800	0.459400	0.000000	-0.000000	-0.000000	0.000000	0.000000	-0.000000	-0.469300	-0.000000	0.054300	-0.382500	-0.363200	0.000000	-0.000000	-0.067600	-0.149600	
0.000000	-0.000000	-0.000000	0.000000	0.000000	-0.130500	0.000000	0.000000	0.000000	-0.000000	0.000000	0.000000	0.278000	0.000000	-0.000000	-0.127400	0.366500	-0.303500	0.000000	-0.198400	0.000000	-0.278400	-0.167800	0.000000	-0.000000	-0.050400	-0.464700	-0.000000	-0.000000	-0.397200	-0.073900	0.000000	0.385700	-0.000000	0.299100	0.008300	0.352600	-0.000000	-0.000000	-0.000000	0.171300	0.000000	-0.000000	-0.000000	-0.000000	-0.000000	0.000000	0.000000	0.049800	-0.469500	0.000000	-0.193600	0.000000	0.000000	0.000000	-0.000000	-0.000000	0.375200	-0.000000	-0.000000	0.000000	-0.429700	0.000000	-0.000000	0.000000	0.000000	-0.000000	-0.458800	0.000000	0.000000	-0.405300	-0.000000	
0.019200	-0.101000	-0.000000	-0.000000	-0.112600	0.000000	0.000000	0.437100	0.000000	0.000000	0.378600	-0.000000	-0.000000	-0.146200	-0.000000	-0.000000	-0.000000	-0.000000	-0.000000	-0.000000	0.000000	0.000000	0.000000	-0.000000	-0.000000	0.118200	0.000000	0.105100	-0.000000	0.000000	-0.000000	0.000000	0.427100	0.000000	0.000000	-0.000000	-0.000000	-0.265200	0.000000	0.000000	0.000000	-0.099600	0.260400	-0.000000	0.000000	0.000000	0.000000	0.118200	0.342600	0.000000	-0.000000	-0.000000	-0.427800	0.000000	0.000000	-0.343200	-0.000000	-0.000000	-0.000000	0.000000	-0.000000	0.000000	0.000000	-0.000000	-0.000000	0.032800	-0.000000	0.000000	0.000000	0.000000	-0.000000	-0.000000	
-0.000000	0.000000	0.145500	0.000000	-0.037400	-0.000000	-0.000000	0.000000	-0.066400	-0.000000	-0.000000	0.000000	-0.032700	0.000000	-0.000000	0.000000	0.000000	0.194600	-0.000000	-0.000000	-0.341300	-0.304600	0.000000	-0.000000	0.000000	0.000000	0.000000	-0.000000	0.086200	-0.000000	-0.000000	0.109300	0.000000	0.000000	-0.000000	-0.000000	0.000000	0.000000	0.000000	-0.000000	-0.000000	-0.000000	-0.000000	0.000000	-0.440700	0.154200	0.000000	0.045900	0.000000	0.000000	0.000000	-0.000000	0.000000	-0.000000	-0.000000	-0.000000	0.000000	0.000000	0.000000	-0.000000	0.000000	-0.000000	0.000000	-0.000000	0.358700	-0.000000	-0.000000	0.000000	0.000000	-0.000000	-0.008100	0.475600	
0.424600	0.000000	0.390900	0.119000	-0.000000	0.098000	-0.000000	-0.378300	-0.243500	-0.000000	0.399400	0.245600	0.040800	-0.492300	0.000000	-0.000000	-0.169800	0.000000	-0.000000	0.089600	-0.000000	-0.000000	0.498700	-0.000000	-0.278700	0.000000	0.000000	0.248700	0.175800	-0.000000	0.224200	0.000000	0.000000	0.115000	-0.280700	0.000000	0.000000	-0.115900	0.000000	0.000000	0.305600	-0.098800	-0.000000	0.000000	-0.000000	0.218500	-0.000000	-0.000000	0.000000	-0.427200	0.000000	-0.000000	-0.000000	0.000000	0.000000	-0.000000	-0.000000	-0.000000	-0.000000	0.000000	-0.000000	0.000000	-0.430300	-0.079800	-0.000000	-0.000000	0.000000	0.000000	-0.000000	-0.197700	-0.000000	-0.000000	
-0.161400	-0.123500	0.000000	-0.000000	0.230100	0.000000	-0.472900	0.000000	0.000000	0.000000	-0.403500	0.000000	0.000000	0.383800	-0.000000	-0.000000	0.000000	-0.000000	-0.000000	0.000000	0.000000	0.055800	-0.328900	0.452000	0.000000	0.106700	-0.000000	0.000000	0.408900	0.000000	0.000000	0.000000	0.000000	-0.233000	0.000000	-0.034200	0.372500	0.062600	-0.000000	0.000000	-0.000000	-0.273000	0.000000	-0.000000	0.000000	-0.000000	0.199000	-0.000000	-0.333400	-0.314800	0.000000	0.000000	0.000000	0.376300	-0.000000	-0.000000	-0.000000	0.276100	-0.491400	-0.000000	-0.000000	0.000000	0.000000	0.000000	0.000000	-0.000000	-0.163000	0.000000	0.000000	-0.397300	0.370500	-0.033700	
-0.000000	0.323600	0.013200	0.000000	0.000000	-0.000000	0.000000	0.155800	-0.000000	-0.000000	-0.000000	0.000000	0.000000	-0.180400	0.000000	-0.000000	0.000000	0.137600	-0.473700	0.000000	0.318000	-0.000000	-0.000000	0.000000	-0.213900	-0.155300	0.000000	0.000000	-0.000000	-0.044500	-0.469900	-0.452800	-0.221000	0.000000	0.000000	0.268200	-0.109500	-0.000000	-0.440800	-0.077200	-0.000000	-0.429200	0.331200	-0.190500	-0.474500	-0.000000	-0.000000	-0.108500	0.000000	0.470400	0.000000	0.050900	-0.000000	0.035700	0.000000	-0.000000	0.000000	-0.098900	0.161500	0.097900	0.000000	0.000000	0.145100	-0.000000	0.000000	-0.000000	0.000000	0.000000	-0.404000	0.000000	0.453400	0.023900	
-0.000000	0.000000	-0.000000	0.464500	0.000000	0.000000	-0.000000	0.000000	-0.000000	0.000000	0.000000	0.000000	-0.000000	0.115000	-0.208100	0.070100	-0.484000	0.000000	-0.000000	0.000000	-0.220000	0.000000	0.143000	-0.350200	0.351000	-0.318300	0.000000	0.000000	-0.085300	0.000000	-0.000000	0.000000	-0.000000	-0.000000	0.000000	0.000000	0.000000	0.173800	-0.000000	-0.000000	-0.000000	0.000000	-0.000000	-0.252600	-0.000000	-0.000000	-0.000000	-0.000000	-0.000000	0.000000	0.253900	-0.140600	-0.000000	-0.000000	-0.000000	0.000000	0.000000	0.000000	-0.000000	-0.000000	-0.000000	0.377800	0.000000	0.000000	-0.412700	0.000000	-0.000000	0.000000	-0.256100	-0.000000	0.000000	-0.063400	
-0.000000	0.413200	-0.000000	-0.000000	-0.000000	0.000000	-0.000000	-0.000000	-0.000000	0.242400	-0.000000	-0.000000	-0.090400	0.122200	0.000000	-0.241700	-0.000000	-0.000000	-0.343100	-0.000000	-0.000000	-0.000000	-0.000000	-0.112800	0.000000	-0.098100	0.231600	-0.000000	-0.000000	-0.000000	-0.000000	-0.325000	0.493900	0.000000	-0.000000	0.168400	-0.479700	-0.000000	0.287000	-0.000000	-0.000000	-0.235000	0.278400	-0.000000	0.000000	-0.000000	-0.000000	-0.000000	-0.000000	-0.027400	-0.085400	-0.078600	0.000000	0.000000	-0.056200	-0.004300	0.000000	-0.324700	0.000000	-0.428200	-0.243900	0.148100	-0.000000	0.000000	0.396700	0.000000	0.000000	0.000000	0.299200	-0.000000	0.000000	-0.052800	
-0.000000	-0.000000	0.004700	-0.000000	-0.000000	-0.000000	0.000000	0.000000	0.000000	0.186900	-0.000000	-0.000000	-0.000000	-0.000000	0.000000	0.332000	0.000000	0.000000	0.000000	0.000000	0.000000	-0.079200	-0.000000	-0.000000	0.449500	0.000000	-0.000000	-0.000000	0.408600	-0.239500	-0.033900	-0.000000	0.000000	0.000000	-0.000000	-0.000000	-0.000000	0.319200	0.143200	0.000000	-0.000000	0.000000	0.000000	-0.000000	-0.444100	0.000000	0.000000	-0.000000	0.000000	-0.294300	0.000000	-0.443200	0.000000	-0.331100	0.000000	-0.000000	-0.000000	-0.000000	-0.270100	0.000000	0.000000	0.195900	-0.070100	-0.000000	-0.000000	0.000000	-0.000000	0.000000	-0.433800	-0.000000	0.122900	-0.000000	
0.000000	0.462700	-0.000000	0.000000	0.000000	-0.426200	0.000000	-0.000000	0.414600	0.256600	-0.000000	0.000000	0.425400	0.000000	-0.000000	0.162500	-0.000000	0.000000	0.443400	-0.000000	-0.187200	-0.000000	-0.000000	-0.250300	0.485000	-0.000000	-0.000000	-0.000000	-0.000000	0.000000	0.000000	-0.422400	-0.031400	0.435900	0.250400	-0.000000	0.000000	-0.000000	0.000000	0.000000	-0.000000	0.000000	0.235500	0.000000	-0.000000	-0.000000	0.467700	0.000000	-0.125400	0.000000	-0.278100	-0.000000	0.419300	-0.247600	0.000000	0.000000	0.000000	-0.000000	0.000000	-0.000000	0.461000	-0.380800	0.000000	-0.000000	-0.000000	-0.312100	-0.000000	0.000000	-0.000000	-0.000000	-0.000000	-0.000000	
0.000000	0.000000	0.000000	-0.121000	-0.112700	-0.306600	0.000000	0.261900	0.000000	0.000000	-0.415600	0.000000	0.000000	-0.000000	-0.000000	0.000000	0.000000	0.288300	-0.000000	-0.157100	0.000000	0.331600	0.000000	0.000000	0.000000	-0.316500	-0.202700	0.330600	0.000000	-0.000000	0.000000	-0.426500	0.321100	-0.000000	-0.000000	0.343600	-0.000000	-0.481700	0.000000	0.000000	0.000000	0.000000	-0.000000	-0.000000	0.000000	-0.098800	0.000000	-0.000000	-0.000000	0.000000	0.000000	0.232100	-0.000000	-0.000000	-0.170400	0.000000	0.000000	-0.237900	0.000000	0.001300	-0.411300	0.017800	0.000000	0.000000	-0.005500	0.000000	-0.111500	0.164600	-0.000000	0.000000	-0.000000	-0.378300	
-0.181400	-0.000000	-0.000000	0.000000	-0.000000	0.159100	-0.000000	0.000000	-0.000000	0.000000	-0.000000	-0.109200	0.000000	0.000000	-0.000000	0.000000	0.000000	0.228800	0.321200	0.000000	-0.000000	-0.000000	0.000000	-0.123900	0.000000	0.024500	0.000000	-0.491200	-0.000000	0.000000	0.265600	-0.000000	0.000000	0.000000	-0.000000	-0.000000	-0.000000	-0.000000	0.000000	-0.000000	0.000000	-0.000000	-0.000000	-0.000000	0.000000	0.259800	0.000000	0.000000	-0.000000	0.000000	-0.000000	-0.000000	0.039000	-0.000000	0.000000	0.000000	-0.480500	-0.000000	0.011300	-0.327200	0.000000	0.412100	0.144700	0.000000	0.050900	0.000000	0.026100	-0.000000	0.161800	-0.319300	0.000000	0.000000	
-0.000000	0.000000	0.000000	-0.000000	-0.000000	-0.170200	0.279300	-0.022500	-0.000000	-0.000000	0.347500	-0.000000	0.000000	-0.000000	0.000000	-0.212300	-0.000000	-0.474400	-0.000000	0.000000	0.072800	0.240300	-0.000000	-0.000000	-0.438000	0.000000	-0.000000	0.000000	-0.000000	0.000000	-0.135500	-0.000000	0.000000	-0.492600	-0.000000	0.000000	0.000000	0.386400	-0.000000	-0.054800	0.000000	0.000000	-0.000000	0.000000	0.000000	0.106500	-0.000000	0.000000	-0.232800	-0.000000	-0.000000	0.000000	-0.448600	-0.000000	0.000000	-0.386700	0.000500	0.000000	-0.027800	0.000000	0.110200	0.336600	0.000000	0.473100	-0.000000	-0.447300	0.189700	-0.413400	0.000000	0.383800	0.031700	-0.266200	
0.060400	-0.000000	-0.000000	-0.399100	0.000000	-0.000000	0.000000	0.000000	0.458700	0.021600	-0.000000	0.000000	-0.000000	0.000000	0.258400	0.488900	0.183000	0.365700	-0.000000	0.000000	0.000000	-0.080500	0.401300	0.000000	-0.000000	0.091000	0.000000	-0.000000	-0.000000	0.205200	-0.219900	0.000000	0.464100	-0.000000	-0.093700	-0.000000	0.224400	0.000000	0.000000	0.000000	0.000000	-0.000000	-0.171900	-0.000000	0.000000	0.000000	0.372700	-0.230000	0.087300	-0.000000	-0.301800	0.424700	0.266100	-0.000000	-0.000000	-0.000000	-0.000000	0.000000	-0.000000	-0.000000	0.119700	-0.300400	-0.000000	-0.000000	-0.223600	-0.353100	0.000000	0.000000	-0.114300	0.000000	-0.000000	-0.000000	
-0.203400	0.146800	-0.105300	-0.000000	-0.000000	-0.232700	-0.346500	0.000000	0.113900	-0.000000	0.000000	-0.000000	-0.000000	0.000000	0.000000	0.000000	0.306200	0.307900	0.000000	-0.000000	-0.000000	0.000000	-0.000000	0.419000	0.000000	0.000000	0.000000	-0.000000	-0.000000	0.373600	-0.000000	-0.000000	-0.000000	-0.000000	-0.000000	-0.000000	0.000000	-0.000000	0.000000	0.312200	-0.030200	-0.000000	-0.000000	0.000000	0.291900	-0.000000	0.467600	-0.000000	-0.000000	0.314600	-0.000000	0.301100	0.267000	0.000000	0.000000	-0.000000	-0.000000	0.000000	-0.000000	0.000000	0.283600	0.000000	-0.000000	0.000000	-0.000000	-0.000000	0.000000	-0.000000	-0.013400	-0.000000	-0.000000	0.000000	
-0.116800	0.426500	0.000000	-0.000000	-0.000000	-0.000000	-0.091800	-0.429200	0.000000	0.000000	0.000000	-0.000000	0.000000	0.091800	-0.031800	0.219400	0.000000	0.000000	0.000000	0.000000	0.000000	0.000000	-0.000000	-0.000000	0.219200	0.000000	0.000000	-0.000000	-0.153800	-0.412100	0.000000	-0.000000	-0.485700	0.444600	0.000000	0.000000	-0.440400	0.000000	0.000000	0.489000	0.420300	0.000000	-0.000000	0.000000	-0.404000	0.000000	0.000000	-0.000000	-0.000000	0.000000	0.288600	0.166500	0.078700	0.000000	0.138100	-0.000000	0.000000	0.000000	-0.000000	0.263100	0.214300	0.071000	-0.000000	-0.136200	0.000000	-0.197700	-0.000000	-0.000000	0.000000	0.000000	-0.000000	0.000000	
-0.000000	-0.345100	-0.227900	0.000000	0.000000	-0.000000	-0.000000	0.000000	-0.178600	-0.320700	-0.000000	0.000000	0.000000	0.166800	-0.000000	0.000000	-0.000000	0.106700	-0.222200	0.000000	0.000000	-0.459500	-0.493600	-0.171800	-0.000000	0.431800	-0.000000	0.000000	0.000000	-0.492100	-0.000000	-0.000000	-0.000000	-0.000000	-0.000000	0.241300	0.000000	0.329700	-0.000000	0.000000	0.144200	0.000000	-0.339500	-0.122900	-0.065700	0.000000	0.000000	0.227500	0.370300	0.000000	-0.000000	0.000000	0.000000	-0.488300	0.000000	0.000000	0.000000	0.000000	0.000000	-0.067000	0.000000	0.488900	0.000000	0.125500	-0.000000	-0.000000	-0.498100	0.003200	0.000000	0.240600	-0.000000	-0.000000	
0.000000	0.000000	-0.000000	0.000000	-0.000000	-0.000000	-0.000000	0.000000	0.000000	-0.000000	-0.000000	-0.414000	0.000000	0.157600	0.408900	0.035800	-0.000000	0.000000	0.000000	0.000000	-0.281300	0.000000	0.000000	-0.000000	0.000000	0.067400	0.000000	-0.140800	-0.000000	-0.180100	-0.000000	0.000000	0.379100	0.000000	0.258300	-0.000000	-0.168300	0.000000	0.000000	0.000000	-0.491300	0.271100	0.000000	0.000000	-0.000000	0.067400	0.000000	0.000000	0.000000	-0.124200	-0.000000	0.000000	-0.000000	-0.000000	0.000000	-0.000000	-0.000000	0.000000	-0.435500	-0.000000	-0.000000	0.000000	-0.000000	0.000000	-0.000000	-0.098100	0.000000	-0.000000	-0.000000	-0.000000	-0.000000	0.244200	
0.000000	0.000000	0.000000	-0.000000	-0.000000	0.252200	0.066800	0.183800	0.263100	0.000000	-0.000000	-0.408100	-0.000000	-0.461400	0.000000	0.000000	0.000000	-0.000000	0.000000	0.000000	-0.047200	-0.000000	-0.000000	0.000000	-0.012300	0.000000	-0.000000	0.000000	0.000000	0.000000	0.467300	-0.000000	-0.127200	0.000000	-0.000000	-0.240500	-0.165200	0.095400	0.000000	-0.000000	0.000000	0.000000	0.000000	-0.000000	0.000000	-0.000000	0.028800	0.000000	0.000000	0.000000	0.000000	0.000000	-0.000000	-0.000000	-0.000000	0.000000	0.000000	0.000000	-0.000000	-0.000000	-0.000000	0.234700	-0.000000	-0.089400	0.000000	-0.394400	0.000000	-0.000000	0.000000	-0.251500	0.000000	-0.250100	
-0.338500	0.074600	0.000000	0.000000	0.331700	0.000000	0.403900	-0.000000	0.163700	-0.000000	0.000000	0.220400	-0.000000	0.000000	-0.000000	0.005800	-0.000000	-0.103000	0.079800	0.000000	0.266800	0.156800	0.000000	-0.000000	0.000000	0.081200	-0.000000	-0.000000	-0.000000	0.000000	-0.000000	-0.238600	-0.000000	0.000000	-0.490500	0.392100	0.000000	0.048500	0.000000	0.000000	-0.000000	-0.054600	0.000000	-0.270300	-0.000000	-0.000000	0.000000	-0.000000	-0.344000	-0.000000	0.000000	0.000000	0.000000	0.000000	-0.000000	-0.130600	0.000000	0.242900	-0.000000	-0.115000	0.093600	-0.048900	-0.218400	-0.000000	0.098500	-0.000000	0.316500	-0.061400	-0.025300	0.064400	0.077500	0.000000	
0.000000	-0.000000	0.000000	-0.000000	-0.000000	-0.397800	0.000000	0.000000	-0.000000	-0.000000	0.000000	0.000000	0.000000	0.051600	0.000000	0.318300	-0.000000	0.000000	0.000000	0.000000	0.000000	-0.380100	0.312400	-0.413200	-0.000000	-0.000000	0.000000	0.020700	0.000000	-0.000000	-0.477500	-0.000000	-0.325300	-0.110800	0.082500	-0.129600	-0.000000	-0.151200	0.000000	-0.000000	0.042900	0.000000	-0.026300	-0.000000	-0.000000	-0.000000	0.000000	-0.000000	0.000000	-0.132100	-0.323500	-0.000000	-0.000000	0.000000	-0.000000	0.000000	0.388000	-0.000000	0.189500	0.000000	-0.000000	0.000000	0.324500	-0.000000	0.000000	-0.000000	-0.306700	0.000000	-0.000000	-0.000000	0.000000	0.000000	
0.000000	-0.349500	0.000000	-0.000000	0.423300	-0.000000	-0.000000	-0.000000	-0.000000	0.000000	-0.373900	0.165100	-0.000000	0.000000	0.333900	-0.000000	-0.348800	0.000000	0.000000	0.000000	0.370500	0.000000	0.000000	-0.000000	-0.000000	0.000000	0.239800	-0.103100	0.000000	-0.000000	0.000000	0.494400	0.000000	-0.254100	-0.000000	-0.009800	-0.000000	-0.324000	-0.276500	-0.000000	-0.000000	0.000000	0.033000	-0.000000	0.360600	-0.000000	0.000000	0.000000	-0.000000	0.145000	-0.000000	0.166100	-0.000000	-0.000000	0.408000	-0.000000	0.000000	0.147700	0.000000	0.000000	-0.435700	0.000000	-0.000000	-0.000000	0.000000	-0.000000	-0.108200	0.319500	-0.000000	0.000000	0.000000	0.000000	
0.000000	-0.000000	-0.000000	-0.000000	0.000000	-0.246800	0.000000	-0.482100	0.000000	0.000000	0.000000	-0.000000	0.000000	0.000000	-0.000000	-0.000000	0.000000	0.000000	-0.026600	0.000000	-0.000000	0.394100	0.340400	0.000000	-0.473900	-0.000000	-0.000000	-0.000000	-0.017600	-0.000000	-0.406000	-0.000000	0.454000	0.000000	-0.000000	0.311300	-0.000000	0.000000	0.329100	0.000000	-0.121400	-0.000000	0.000000	0.000000	-0.124900	0.000000	0.453100	-0.000000	-0.000000	-0.000000	0.000000	-0.000000	0.000000	-0.200700	0.391200	0.116900	-0.000000	-0.000000	0.000000	0.000000	-0.099100	-0.185000	0.230900	0.000000	-0.000000	0.000000	-0.000000	-0.000000	-0.401600	-0.000000	0.000000	-0.000000	
-0.000000	-0.000000	-0.000000	-0.000000	-0.418300	0.000000	0.000000	0.000000	-0.000000	-0.000000	0.000000	0.000000	-0.000000	0.000000	-0.259700	0.098000	0.000000	0.000000	-0.000000	0.487800	0.000000	0.000000	0.477700	0.432800	-0.343600	-0.085900	-0.000000	0.389900	-0.000000	-0.000000	-0.133200	-0.000000	-0.152500	0.000000	-0.077500	-0.000000	-0.000000	-0.404000	0.000000	-0.000000	0.000000	-0.000000	-0.000000	-0.000000	0.000000	0.000000	0.000000	0.017400	-0.000000	-0.000000	-0.000000	-0.000000	0.000000	0.253200	-0.000000	-0.050400	0.000000	0.000000	-0.000000	0.000000	0.439800	0.206100	-0.384200	0.000000	-0.409100	0.000000	0.121900	-0.000000	-0.000000	-0.355000	-0.000000	-0.367300	

-0.000000	-0.000000	
0.402400	-0.118000	
-0.000000	-0.213300	
-0.056000	-0.000000	
0.318600	-0.000000	
0.000000	0.492900	
0.484900	0.176400	
0.000000	0.236800	
0.000000	-0.000000	
-0.241900	0.436400	
-0.169600	0.000000	
0.402300	-0.000000	
0.000000	-0.352100	
-0.000000	0.119800	
-0.000000	-0.000000	
-0.000000	-0.000000	
-0.000000	0.000000	
0.000000	0.000000	
-0.000000	0.124300	
-0.000000	0.000000	
0.000000	-0.191800	
-0.350100	-0.000000	
0.484500	-0.000000	
0.488000	0.111100	
0.045900	0.000000	
-0.000000	0.011400	
-0.338900	-0.000000	
0.238600	0.000000	
0.000000	0.000000	
-0.000000	0.000000	
0.000000	-0.212600	
-0.000000	0.444800	
0.204100	-0.000000	
0.000000	-0.092600	
-0.052100	0.035400	
0.000000	-0.420800	
-0.021300	0.000000	
-0.169600	-0.000000	
-0.426800	0.000000	
-0.155500	-0.000000	
0.000000	0.000000	
0.000000	0.000000	
-0.252900	-0.000000	
-0.000000	-0.000000	
-0.148000	0.000000	
0.459900	0.000000	
0.000000	0.000000	
0.000000	-0.000000	
0.000000	-0.000000	
-0.000000	-0.000000	
-0.300900	-0.000000	
-0.181400	0.000000	
0.000000	0.149000	
0.000000	-0.000000	
-0.262300	-0.000000	
-0.127300	-0.000000	
0.000000	0.273300	
0.000000	0.000000	
0.412500	-0.377400	
0.000000	-0.000000	
0.000000	-0.000000	
0.000000	0.000000	
0.000000	-0.000000	
-0.000000	0.000000	
-0.000000	0.000000	
0.373700	0.000000	
0.117500	-0.000000	
0.405900	-0.000000	
-0.000000	-0.000000	
0.000000	0.000000	
-0.062600	0.000000	
-0.078600	0.000000	

## BIASES:
-0.000000	-0.000000	-0.437200	0.000000	-0.495500	-0.000000	0.000000	-0.147100	0.000000	0.000000	-0.000000	-0.205900	-0.000000	0.305400	-0.000000	-0.000000	0.182000	0.218100	0.000000	-0.000000	-0.000000	0.113700	0.314500	0.285400	0.287000	-0.000000	0.000000	0.000000	-0.000000	-0.000000	-0.000000	0.413000	-0.000000	0.022100	-0.000000	-0.000000	0.000000	0.089900	-0.417800	-0.000000	-0.000000	-0.000000	0.448500	-0.047000	-0.499800	-0.000000	-0.000000	-0.182700	0.000000	0.196600	0.000000	0.239700	0.445400	-0.000000	0.000000	-0.132500	-0.000000	-0.472700	-0.441100	0.000000	-0.000000	0.000000	0.089400	-0.000000	0.175400	-0.000000	0.000000	-0.441400	0.489600	-0.000000	-0.422200	-0.000000	

0.156800	-0.000000	

