36:2:72:1

## LAYERS:
-0.251000	0.503000	23.500000	0.100000	0.052824	0.053821	0.056146	0.000000	0.116279	0.061628	0.124585	0.000000	0.000000	0.149502	0.073090	0.000000	0.000000	0.081395	0.000000	0.224252	0.091362	0.265781	0.099668	0.104983	0.112126	0.118937	0.121595	0.128738	0.000000	0.000000	0.996678	0.996678	0.000000	0.000000	0.207641	0.000000	

-0.000000	-0.000000	-0.277400	-0.000000	0.488500	-0.000000	-0.086800	0.168800	0.000000	0.122500	-0.000000	-0.000000	-0.488900	-0.000000	0.000000	-0.000000	-0.268900	0.259700	0.282800	-0.269200	0.413000	-0.000000	-0.179700	-0.000000	-0.000000	0.000000	-0.218000	-0.000000	0.269500	0.494900	0.000000	0.365300	0.156200	0.000000	0.000000	0.000000	0.000000	-0.490500	0.448500	-0.302400	0.000000	0.000000	0.000000	0.000000	-0.304100	0.000000	0.000000	-0.000000	0.126500	0.000000	-0.000000	-0.325400	0.039200	0.000000	-0.000000	0.081300	-0.000000	-0.000000	0.477700	0.000000	-0.000000	0.000000	-0.000000	0.466000	0.000000	-0.000000	0.000000	-0.000000	0.000000	-0.305900	-0.325600	0.000000	

0.488084	0.532004	

## WEIGHTS:
0.000000	0.000000	0.342900	-0.000000	0.006700	-0.324000	0.000000	0.000000	-0.154100	0.266100	0.177200	0.148500	0.187400	0.483600	0.233000	-0.000000	-0.000000	0.315900	-0.000000	-0.178400	-0.000000	0.000000	0.150400	-0.233800	-0.000000	0.000000	0.000000	0.000000	0.000000	0.396300	-0.000000	-0.000000	0.000000	0.000000	-0.204100	-0.000000	0.000000	0.000000	-0.098200	-0.000000	-0.280000	0.214100	0.000000	0.407300	-0.000000	0.000000	0.419700	-0.311700	0.000000	-0.450500	0.000000	0.000000	0.358300	0.000000	-0.000000	0.000000	-0.115200	-0.000000	0.265500	0.335600	-0.000000	-0.000000	0.000000	0.053900	-0.033900	-0.205500	-0.000000	-0.000000	0.248400	0.354600	-0.000000	0.103500	
-0.000000	0.054500	0.000000	0.000000	-0.000300	-0.434400	0.224800	-0.000000	-0.385000	0.000000	0.000000	0.000000	-0.000000	0.000000	0.000000	0.185100	-0.000000	0.000000	0.000000	0.402200	-0.000000	0.019200	-0.408800	0.000000	-0.000000	0.044000	0.000000	0.332400	-0.466300	0.000000	-0.000000	0.372700	-0.000000	0.000000	-0.000000	-0.000000	-0.487900	0.000000	-0.000000	0.262300	0.138900	-0.404100	-0.494200	0.000000	0.000000	0.000000	0.000000	0.000000	-0.445900	0.000000	-0.000000	-0.000000	0.434200	-0.194600	0.000000	-0.117000	-0.000000	-0.344100	-0.000000	-0.000000	0.000000	0.000000	-0.474000	0.000000	-0.267200	-0.000000	0.000000	0.000000	-0.295900	-0.000000	-0.000000	-0.000000	
-0.000000	-0.216800	-0.082800	-0.000000	0.000000	0.000000	0.000000	0.000000	-0.000000	0.051300	0.000000	-0.000000	-0.008200	-0.000000	-0.091600	0.476300	0.000000	-0.000000	-0.000000	-0.000000	0.000000	-0.344500	-0.000000	-0.087000	-0.274300	-0.000000	-0.207000	-0.070300	-0.028100	-0.294400	0.000000	0.000000	-0.000000	0.460100	0.000000	0.371900	-0.000000	-0.212100	0.173800	-0.000000	0.000000	-0.416400	-0.000000	-0.000000	0.000000	-0.000000	0.442300	0.000000	-0.000000	0.000000	-0.000000	0.000000	0.362400	0.000000	-0.216300	-0.000000	0.000000	-0.000000	-0.347200	-0.439200	-0.000000	0.195700	0.000000	0.041300	-0.209100	-0.000000	-0.086900	-0.302300	-0.369500	0.000000	-0.000000	0.104700	
0.000000	0.084000	0.000000	-0.478700	0.000000	0.000000	0.000000	0.000000	-0.000000	0.113100	0.347300	0.000000	-0.000000	0.266200	-0.059600	-0.000000	0.000000	-0.000000	0.000000	0.165700	0.059200	0.000000	-0.293000	-0.014700	0.000000	-0.000000	0.000000	0.102700	0.000000	0.378500	-0.292700	-0.000000	-0.000000	0.000000	0.000000	0.248500	0.000000	0.000000	0.000000	0.281000	0.347400	-0.292500	-0.001800	-0.000000	0.000000	0.000000	0.000000	0.000000	0.000000	-0.000000	0.000000	-0.000000	-0.000000	-0.000000	-0.000000	0.000000	0.484800	-0.335600	-0.000000	-0.267700	0.000000	-0.238200	0.000000	-0.000000	-0.460300	0.000000	-0.000000	0.000000	-0.000000	0.019400	-0.118200	-0.000000	
0.000000	0.015100	-0.488300	-0.000000	-0.000000	0.124100	0.000000	0.026000	0.000000	-0.000000	0.000000	0.453900	-0.000000	-0.000000	0.270600	-0.341000	-0.000000	0.325100	-0.000000	-0.000000	-0.000000	0.446800	0.000000	0.261700	0.000000	0.000000	-0.000000	-0.000000	-0.000000	0.000000	-0.000000	0.000000	-0.000000	0.298900	-0.000000	0.483200	-0.000000	0.325200	0.009100	-0.000000	-0.230200	-0.468600	0.000000	-0.000000	-0.000000	-0.000000	0.000000	0.338700	-0.000000	0.399600	-0.000000	0.000000	-0.000000	0.000000	0.200200	-0.000000	0.033900	0.000000	-0.366200	0.000000	-0.000000	-0.000000	-0.192600	-0.000000	-0.415400	-0.289500	-0.000000	-0.000000	0.170800	-0.036400	-0.325300	0.000000	
-0.000000	-0.339400	0.000000	-0.334600	-0.000000	0.000000	-0.496000	-0.000000	-0.000000	0.000000	0.477800	0.000000	0.000000	-0.000000	0.102300	0.000000	-0.000000	0.236100	0.000000	-0.000000	0.000000	0.000000	-0.000000	0.241600	0.000000	0.000000	0.000000	0.039000	-0.000000	0.000000	-0.385300	-0.162900	-0.000000	0.000000	0.002400	0.177100	-0.000000	-0.000000	0.000000	-0.139500	-0.000000	0.193900	-0.000000	0.042200	-0.000000	0.000000	0.000000	-0.000000	-0.000000	0.000000	-0.000000	0.000000	0.000000	0.000000	-0.223300	-0.000000	0.000000	0.295900	0.068000	0.250300	-0.000000	0.000000	0.000000	0.000000	-0.412700	-0.275200	-0.208300	-0.115200	-0.133800	-0.492200	0.000000	-0.398100	
0.000000	0.149900	0.144100	-0.156200	-0.000000	-0.338300	0.496700	-0.465000	-0.000000	-0.397800	0.000000	-0.309400	-0.000000	0.000000	-0.000000	-0.000000	-0.000000	0.287600	0.000000	-0.000000	-0.000000	-0.000000	-0.482700	-0.000000	-0.000000	-0.000000	0.077300	-0.355600	0.000000	0.000000	-0.000000	-0.211300	-0.000000	0.000000	0.132400	-0.000000	0.000000	0.000000	-0.000000	-0.148100	-0.000000	0.000000	0.000000	0.133300	-0.000000	0.000000	-0.000000	0.000000	-0.315200	0.139300	0.000000	-0.209900	0.422300	-0.000000	-0.000000	0.000000	-0.000000	0.000000	0.000000	-0.000000	-0.000000	-0.000000	0.000000	0.000000	0.000000	0.000000	0.000000	-0.196700	0.000000	0.000000	-0.209700	0.000000	
-0.000000	0.332700	0.000000	-0.104100	-0.000000	0.000000	0.000000	-0.000000	0.000000	0.000000	-0.000000	-0.000000	-0.000000	-0.000000	0.280900	-0.415200	0.000000	0.000000	-0.065000	0.210900	0.000000	-0.426300	0.000000	0.467800	0.000000	-0.000000	-0.000000	0.285500	0.000000	0.061300	-0.000000	0.121100	-0.470900	-0.372900	-0.000000	0.394200	-0.489200	-0.052800	0.000000	-0.331000	-0.000000	0.000000	-0.000000	0.230500	-0.488200	0.000000	0.000000	-0.000000	-0.209100	0.000000	-0.000000	0.000000	0.000000	0.000000	0.000000	-0.290700	0.000000	0.000000	0.000000	-0.054500	0.000000	0.000000	0.000000	-0.000000	-0.000000	0.000000	-0.000000	0.000000	-0.334400	0.000000	0.029100	0.000000	
-0.095700	0.278400	-0.000000	-0.448700	-0.000000	0.160800	-0.378800	-0.130300	-0.000000	0.000000	0.147200	0.275300	0.000000	0.392500	0.119700	-0.000000	-0.000000	0.114400	-0.126300	0.256600	0.066300	-0.424700	-0.000000	-0.000000	-0.000000	-0.000000	0.000000	-0.000000	0.389800	-0.000000	0.000000	0.429300	0.083000	0.000000	0.115700	0.000000	-0.000000	0.236800	0.166600	-0.000000	0.138700	-0.000000	0.307500	-0.302200	-0.000000	-0.000000	-0.000000	-0.000000	0.000000	-0.000300	-0.000000	0.378100	0.075000	-0.359900	0.000000	-0.000000	-0.000000	-0.000000	-0.266500	0.204700	-0.000000	0.000000	-0.000000	0.321700	-0.000000	0.000000	-0.381400	-0.000000	0.121500	0.000000	-0.000000	0.000000	
0.234100	0.324200	-0.000000	0.075400	0.386500	-0.000000	0.000000	0.063100	0.218700	-0.000000	-0.000000	0.000000	0.000000	0.000000	0.432600	-0.077800	0.439000	-0.000000	0.000000	-0.000000	0.000000	-0.000000	0.499300	-0.000000	0.000000	0.000000	-0.000000	0.307600	0.000000	0.000000	0.000000	-0.000000	-0.000000	-0.069000	0.347500	-0.000000	0.150000	-0.000000	0.017100	-0.000000	0.275300	0.000000	0.000000	-0.000000	-0.401700	0.365200	-0.060100	-0.000000	0.166400	0.337100	-0.000000	-0.000000	0.000000	0.000000	0.000000	-0.445800	0.000000	-0.000000	0.000000	0.000000	-0.000000	-0.300300	0.182700	0.326400	0.000000	-0.000000	0.280400	0.415800	-0.026700	0.000000	0.000000	0.383700	
0.025900	0.000000	0.401300	-0.000000	-0.000000	0.476300	-0.000000	0.000000	0.000000	-0.000000	-0.000000	-0.000000	0.130800	-0.000000	-0.000000	-0.000000	-0.000000	0.000000	0.143400	-0.000000	0.000000	-0.000000	0.399100	-0.000000	-0.000000	-0.185300	-0.251400	0.000000	-0.000000	0.000000	-0.000000	-0.000000	-0.209400	-0.000000	0.000000	0.000000	0.495900	0.000000	0.000000	-0.000000	0.000000	-0.000000	-0.103900	-0.000000	-0.000000	-0.000000	-0.000000	-0.000000	0.000000	0.000000	0.141400	-0.000000	0.000000	-0.000000	-0.000000	-0.000000	-0.000000	-0.000000	0.074600	0.000000	0.032400	0.193000	-0.000000	0.322900	0.000000	0.313200	-0.000000	-0.000000	-0.000000	0.168000	-0.000000	-0.000000	
0.000000	0.000000	-0.000000	-0.405200	-0.000000	-0.086700	0.000000	-0.468900	-0.000000	0.000000	0.000000	-0.000000	0.000000	0.000000	-0.000000	-0.000000	-0.017300	0.000000	0.000000	-0.000000	-0.108100	0.259200	0.000000	0.000000	0.000000	0.000000	-0.416900	0.119800	-0.258200	-0.358600	0.277500	0.311700	0.000000	0.000000	0.000000	-0.000000	0.000000	-0.024600	-0.382000	-0.204300	0.185700	0.000000	-0.419800	-0.428400	-0.000000	0.000000	0.000000	0.397700	-0.000000	0.000000	0.412700	-0.000000	-0.000000	-0.114400	0.440400	0.027800	0.000000	0.000000	-0.000000	-0.000000	0.000000	0.000000	-0.487200	-0.469300	-0.358100	0.054300	-0.000000	-0.363200	0.164800	-0.000000	-0.067600	-0.000000	
0.396800	-0.000000	-0.000000	0.000000	0.000000	-0.000000	0.344700	0.000000	0.000000	-0.107500	0.497300	0.000000	0.278000	0.000000	-0.000000	-0.000000	0.366500	-0.000000	0.000000	-0.198400	0.000000	-0.278400	-0.167800	0.000000	-0.089000	-0.050400	-0.000000	-0.000000	-0.000000	-0.397200	-0.073900	0.352100	0.385700	-0.000000	0.299100	0.000000	0.000000	-0.000000	-0.000000	-0.000000	0.171300	0.000000	-0.000000	-0.000000	-0.000000	-0.000000	0.321700	0.146700	0.049800	-0.000000	0.000000	-0.000000	0.000000	0.000000	0.000000	-0.000000	-0.499800	0.375200	-0.000000	-0.000000	0.000000	-0.000000	0.000000	-0.000000	0.000000	0.106600	-0.492900	-0.458800	0.020600	0.000000	-0.405300	-0.308200	
0.000000	-0.101000	-0.000000	-0.000000	-0.000000	0.233000	0.000000	0.437100	0.263400	0.029200	0.000000	-0.214200	-0.000000	-0.146200	-0.000000	-0.000000	-0.271100	-0.271900	-0.000000	-0.000000	0.000000	0.000000	0.000000	-0.000000	-0.415400	0.118200	0.000000	0.000000	-0.299800	0.393000	-0.068000	0.000000	0.000000	0.000000	0.000000	-0.000000	-0.000000	-0.000000	0.386700	0.000000	0.264000	-0.000000	0.000000	-0.000000	0.000000	0.000000	0.058800	0.000000	0.000000	0.000000	-0.000000	-0.000000	-0.000000	0.000000	0.000000	-0.343200	-0.000000	-0.000000	-0.000000	0.000000	-0.000000	0.329000	0.000000	-0.000000	-0.000000	0.032800	-0.000000	0.000000	0.000000	0.000000	-0.412300	-0.000000	
-0.000000	0.000000	0.000000	0.277200	-0.037400	-0.295700	-0.000000	0.440400	-0.066400	-0.000000	-0.000000	0.005700	-0.032700	0.000000	-0.202400	0.291800	0.000000	0.000000	-0.183600	-0.424100	-0.000000	-0.304600	0.000000	-0.169200	0.000000	0.463400	0.000000	-0.369100	0.086200	-0.198200	-0.000000	0.109300	0.285000	0.000000	-0.000000	-0.252400	0.000000	0.187300	0.000000	-0.000000	-0.051800	-0.000000	-0.143300	0.000000	-0.440700	0.000000	0.207100	0.045900	0.000000	0.158600	0.000000	-0.000000	0.000000	-0.000000	-0.000000	-0.000000	0.217800	0.000000	0.000000	-0.196100	0.000000	-0.000000	0.000000	-0.090800	0.000000	-0.000000	-0.000000	0.000000	0.392300	-0.000000	-0.000000	0.000000	
0.000000	0.000000	0.000000	0.000000	-0.000000	0.098000	-0.000000	-0.000000	-0.000000	-0.000000	0.000000	0.000000	0.000000	-0.000000	0.000000	-0.241400	-0.169800	0.000000	-0.000000	0.089600	-0.000000	-0.000000	0.498700	-0.000000	-0.278700	0.425800	0.131800	0.248700	0.175800	-0.376400	0.000000	0.000000	0.000000	0.000000	-0.280700	0.245100	0.000000	-0.000000	0.001900	0.000000	0.000000	-0.000000	-0.000000	0.481600	-0.000000	0.218500	-0.259900	-0.000000	0.000000	-0.427200	0.000000	-0.000000	-0.000000	0.000000	0.287400	-0.189800	-0.341600	-0.080900	-0.000000	0.000000	-0.322200	0.000000	-0.000000	-0.079800	-0.000000	-0.211100	0.300400	0.000000	-0.000000	-0.197700	-0.000000	-0.000000	
-0.161400	-0.000000	0.000000	-0.000000	0.000000	0.000000	-0.472900	0.000000	0.178300	0.000000	-0.403500	0.000000	0.000000	0.383800	-0.422600	-0.000000	0.000000	-0.000000	-0.000000	0.000000	0.419000	0.055800	-0.328900	0.452000	0.000000	0.000000	-0.000000	0.287900	0.000000	0.000000	0.000000	0.000000	0.000000	-0.233000	0.000000	-0.034200	0.372500	0.062600	-0.000000	0.000000	-0.000000	-0.273000	0.000000	-0.000000	0.000000	-0.000000	0.000000	-0.000000	-0.000000	-0.000000	0.000000	0.000000	0.000000	0.376300	-0.000000	-0.000000	-0.000000	0.000000	-0.491400	-0.473100	-0.000000	0.045200	0.000000	0.000000	0.312200	-0.000000	-0.000000	0.184600	0.142700	-0.000000	0.370500	-0.000000	
-0.000000	0.323600	0.000000	0.000000	0.000000	-0.287900	0.000000	0.155800	-0.467600	-0.000000	-0.488300	0.000000	0.000000	-0.000000	0.000000	-0.000000	0.230800	0.137600	-0.000000	0.000000	0.318000	-0.000000	-0.492200	0.130100	-0.000000	-0.155300	0.449800	0.000000	-0.417500	-0.044500	-0.000000	-0.452800	-0.000000	0.000000	0.257900	0.000000	-0.000000	-0.000000	-0.000000	-0.000000	-0.000000	-0.429200	0.331200	-0.190500	-0.000000	-0.000000	-0.000000	-0.108500	0.000000	0.470400	0.000000	0.050900	-0.000000	0.000000	0.316100	-0.000000	0.000000	-0.098900	0.000000	0.000000	0.356500	0.000000	0.145100	-0.000000	0.000000	-0.000000	0.000000	0.000000	-0.000000	0.000000	0.453400	0.023900	
-0.000000	0.284600	-0.000000	0.464500	0.000000	0.277400	-0.000000	0.000000	-0.000000	0.383800	0.000000	0.000000	-0.000000	0.000000	-0.000000	0.000000	-0.000000	0.453300	-0.000000	0.000000	-0.000000	0.313000	0.000000	-0.000000	0.000000	-0.000000	0.000000	0.000000	-0.000000	0.133700	-0.000000	0.218400	-0.000000	-0.000000	0.000000	0.000000	0.000000	0.173800	-0.000000	-0.495100	-0.307200	0.000000	-0.000000	-0.252600	-0.000000	-0.000000	-0.000000	-0.000000	-0.000000	0.000000	0.000000	-0.140600	-0.431400	-0.000000	-0.000000	0.054700	0.348800	0.324600	-0.000000	-0.000000	-0.000000	0.000000	0.117000	0.011600	-0.000000	0.000000	-0.000000	0.000000	-0.256100	-0.238700	0.000000	-0.063400	
-0.258500	0.413200	-0.000000	-0.000000	-0.000000	0.000000	-0.000000	-0.000000	-0.000000	0.242400	-0.022000	-0.000000	-0.090400	0.000000	0.000000	-0.000000	-0.418100	-0.077700	-0.343100	-0.000000	-0.000000	-0.000000	-0.000000	-0.000000	0.000000	-0.000000	0.231600	-0.000000	-0.000000	-0.000000	-0.000000	-0.000000	0.493900	0.113500	-0.218000	0.168400	-0.479700	-0.000000	0.287000	-0.452500	-0.000000	-0.235000	0.278400	-0.077600	0.000000	-0.000000	-0.184200	-0.000000	-0.000000	-0.027400	-0.085400	-0.078600	0.016700	0.000000	-0.000000	-0.004300	0.000000	-0.324700	0.000000	-0.000000	-0.243900	0.000000	-0.000000	0.385100	0.396700	0.000000	0.000000	0.000000	0.000000	-0.159600	0.000000	-0.052800	
-0.259500	-0.000000	0.004700	-0.102100	-0.000000	-0.000000	0.000000	0.000000	0.000000	0.186900	-0.000000	-0.000000	-0.441500	-0.000000	0.075600	0.332000	0.000000	0.000000	0.000000	0.000000	0.000000	-0.079200	-0.120200	-0.000000	0.449500	0.433100	-0.000000	-0.000000	0.408600	-0.000000	-0.033900	-0.000000	0.000000	0.000000	-0.000000	-0.000000	-0.438600	0.000000	0.143200	0.124700	-0.000000	0.000000	0.000000	-0.000000	-0.000000	0.000000	0.000000	-0.000000	0.000000	-0.000000	0.289200	-0.000000	0.126400	-0.000000	0.000000	-0.289000	-0.398000	-0.000000	-0.000000	0.000000	0.222400	0.195900	-0.070100	-0.139300	-0.000000	0.111900	-0.424100	0.498300	-0.433800	-0.000000	0.122900	-0.292600	
0.000000	0.000000	-0.092900	0.000000	0.000000	-0.426200	0.000000	-0.000000	0.000000	0.000000	-0.000000	0.000000	0.425400	0.350600	-0.000000	0.000000	-0.000000	0.000000	0.000000	-0.465200	-0.000000	-0.000000	-0.000000	-0.250300	0.485000	-0.000000	-0.252100	-0.000000	-0.000000	0.005900	0.000000	-0.422400	-0.000000	0.000000	0.250400	-0.000000	0.000000	-0.000000	0.000000	0.000000	-0.000000	0.000000	0.000000	0.000000	-0.000000	-0.000000	0.467700	0.000000	-0.125400	0.000000	-0.000000	-0.000000	0.419300	-0.247600	0.000000	0.000000	0.000000	-0.000000	0.000000	-0.000000	0.461000	-0.380800	0.000000	-0.000000	-0.445000	-0.000000	-0.000000	0.000000	-0.000000	-0.000000	-0.240900	-0.214600	
0.000000	0.000000	0.000000	-0.121000	-0.112700	-0.306600	0.430800	0.261900	0.000000	0.287800	-0.000000	0.000000	0.000000	-0.208300	-0.000000	0.169300	0.246800	0.000000	-0.000000	-0.157100	0.000000	0.331600	0.272400	0.000000	0.000000	-0.000000	-0.000000	0.330600	0.434000	-0.000000	0.000000	-0.426500	0.000000	-0.000000	-0.000000	0.343600	-0.329900	-0.481700	0.000000	0.000000	0.000000	0.000000	-0.000000	-0.000000	0.000000	-0.000000	0.285800	-0.000000	-0.000000	0.315000	0.000000	0.000000	-0.000000	-0.386500	-0.170400	0.000000	0.000000	-0.237900	0.000000	0.001300	-0.000000	0.017800	0.000000	0.000000	-0.000000	0.000000	-0.000000	0.164600	-0.000000	0.493800	-0.000000	-0.000000	
-0.000000	-0.000000	-0.000000	0.000000	-0.000000	0.000000	-0.000000	0.000000	-0.000000	0.000000	-0.000000	-0.000000	0.000000	0.000000	-0.000000	0.000000	0.000000	0.228800	0.000000	0.000000	-0.000000	-0.000000	0.000900	-0.123900	0.000000	0.000000	0.175800	-0.491200	-0.346600	0.385000	0.000000	-0.028100	0.432600	0.000000	-0.000000	-0.000000	-0.202100	-0.000000	0.000000	-0.000000	0.479200	-0.204800	-0.000000	-0.000000	0.000000	0.259800	0.000000	0.000000	-0.011500	0.008000	-0.000000	-0.000000	0.000000	-0.000000	0.000000	0.367400	-0.000000	-0.078100	0.011300	-0.327200	0.000000	0.412100	0.144700	0.009700	0.000000	0.186600	0.026100	-0.000000	0.161800	-0.319300	0.000000	0.140900	
-0.388900	0.459000	0.000000	-0.000000	-0.146100	-0.000000	0.000000	-0.000000	-0.000000	-0.000000	0.347500	-0.488100	0.000000	-0.271300	0.014400	-0.000000	-0.000000	-0.474400	-0.039500	0.000000	0.000000	0.000000	-0.000000	-0.376300	-0.438000	0.000000	-0.257200	0.000000	-0.150500	0.268800	-0.000000	-0.000000	0.227700	-0.492600	-0.028000	0.216700	0.000000	0.000000	-0.000000	-0.000000	0.000000	0.000000	-0.000000	0.000000	0.040600	0.106500	-0.284400	0.326200	-0.000000	-0.000000	-0.000000	0.000000	-0.448600	-0.000000	0.000000	-0.000000	0.000500	0.000000	-0.027800	0.000000	0.110200	0.336600	0.000000	0.000000	-0.000000	-0.447300	0.000000	-0.000000	0.000000	0.383800	0.031700	-0.266200	
0.000000	-0.241000	-0.000000	-0.399100	0.000000	-0.000000	0.000000	0.267800	0.458700	0.021600	-0.000000	0.000000	-0.011600	0.000000	0.258400	0.000000	0.000000	0.365700	-0.000000	0.000000	0.202300	-0.000000	0.401300	0.000000	-0.000000	0.091000	0.038300	-0.453700	-0.000000	0.205200	-0.000000	0.170200	0.464100	-0.000000	-0.000000	-0.035300	0.000000	0.000000	0.000000	0.000000	0.260400	-0.000000	-0.171900	-0.251300	0.000000	0.221600	0.000000	-0.000000	0.087300	-0.000000	-0.301800	0.000000	0.000000	-0.000000	-0.123600	-0.000000	-0.000000	0.000000	-0.215600	-0.000000	0.000000	-0.000000	-0.394500	-0.281000	-0.000000	-0.353100	0.000000	0.000000	-0.000000	0.000000	-0.000000	-0.000000	
-0.000000	0.000000	-0.000000	-0.000000	-0.131600	-0.232700	-0.346500	0.000000	0.000000	-0.000000	0.015400	-0.484900	-0.000000	0.000000	0.388400	0.000000	0.306200	0.307900	0.347000	-0.000000	-0.492500	0.000000	-0.000000	0.000000	0.000000	0.463500	0.054900	-0.000000	-0.000000	0.373600	-0.000000	-0.000000	-0.000000	-0.000000	-0.000000	-0.340900	0.000000	-0.016900	0.249800	0.000000	-0.000000	-0.234900	-0.000000	0.000000	0.000000	-0.000000	0.000000	-0.000000	-0.000000	0.314600	-0.205800	0.000000	0.267000	0.000000	0.000000	-0.000000	-0.000000	0.000000	-0.000000	0.000000	0.000000	0.000000	-0.461200	0.074300	-0.046200	-0.000000	0.000000	-0.000000	-0.000000	-0.000000	-0.000000	0.000000	
-0.116800	0.426500	0.000000	-0.000000	-0.222900	-0.000000	-0.000000	-0.429200	0.000000	0.000000	0.371800	-0.000000	0.411600	0.000000	-0.031800	0.219400	0.000000	0.224800	0.000000	0.420600	0.000000	0.215600	-0.000000	-0.000000	0.000000	0.000000	0.488500	-0.000000	-0.000000	-0.412100	0.000000	-0.000000	-0.485700	0.000000	0.000000	0.000000	-0.440400	0.000000	0.000000	0.000000	0.000000	0.000000	-0.000000	0.331800	-0.000000	0.000000	0.051100	-0.000000	-0.000000	0.000000	0.288600	0.166500	0.078700	0.418600	0.000000	-0.202200	0.000000	0.126500	-0.000000	0.263100	0.000000	0.071000	-0.000000	-0.000000	0.015500	-0.000000	-0.000000	-0.000000	0.385000	0.000000	-0.000000	0.000000	
-0.000000	-0.345100	-0.227900	0.000000	0.000000	-0.000000	-0.000000	0.000000	-0.178600	-0.320700	-0.000000	0.000000	0.000000	0.166800	-0.000000	0.000000	-0.206700	0.000000	-0.000000	0.000000	0.000000	-0.459500	-0.493600	-0.000000	-0.157300	0.000000	-0.000000	0.000000	0.354400	-0.492100	-0.000000	-0.000000	-0.000000	-0.000000	-0.000000	0.000000	0.000000	0.329700	-0.000000	0.000000	0.000000	0.000000	-0.000000	-0.000000	-0.000000	0.000000	0.000000	0.000000	0.370300	0.304700	-0.494600	0.000000	0.000000	-0.000000	0.000000	0.000000	0.000000	0.319900	0.000000	-0.067000	0.327700	0.000000	0.214100	0.000000	-0.000000	-0.000000	-0.000000	0.000000	0.000000	0.000000	-0.000000	-0.238000	
0.000000	0.000000	-0.000000	0.000000	-0.000000	-0.000000	-0.000000	0.000000	0.000000	-0.189700	-0.123900	-0.414000	0.457200	0.157600	0.408900	0.000000	-0.000000	0.094600	0.103900	0.000000	-0.000000	0.000000	0.000000	-0.000000	0.241400	0.067400	0.056300	-0.140800	-0.192000	-0.180100	-0.243600	0.000000	0.379100	0.000000	0.000000	-0.433300	-0.000000	0.000000	0.259800	0.000000	-0.491300	0.000000	0.000000	0.000000	-0.000000	0.067400	0.271900	0.000000	0.000000	-0.124200	-0.018700	0.000000	-0.171100	-0.000000	0.000000	-0.429800	-0.000000	0.000000	-0.435500	-0.000000	-0.000000	0.000000	-0.491500	0.229400	-0.000000	-0.000000	0.000000	-0.000000	-0.000000	-0.000000	-0.000000	0.000000	
0.000000	0.000000	0.480300	-0.000000	-0.000000	0.000000	0.066800	0.000000	0.000000	0.183300	-0.000000	-0.408100	-0.000000	-0.000000	0.000000	0.000000	0.000000	-0.003200	0.307100	0.000000	-0.000000	-0.049300	-0.000000	0.074400	-0.012300	0.000000	-0.000000	0.088000	0.000000	0.000000	0.467300	-0.000000	-0.000000	0.000000	-0.000000	-0.240500	-0.165200	0.000000	0.443300	-0.000000	0.000000	0.000000	0.000000	-0.000000	0.451600	-0.242900	0.000000	0.020600	0.000000	0.000000	0.439900	0.341800	-0.000000	-0.411500	-0.000000	0.000000	0.000000	0.000000	-0.000000	-0.000000	-0.000000	0.234700	-0.000000	-0.089400	0.000000	-0.394400	0.000000	-0.000000	0.201000	-0.000000	0.000000	-0.000000	
-0.338500	0.000000	0.028900	0.000000	0.331700	0.000000	0.000000	-0.000000	0.000000	-0.000000	0.000000	0.220400	-0.000000	0.000000	-0.000000	0.000000	-0.000000	-0.103000	0.079800	0.365500	0.000000	0.000000	0.000000	-0.051100	0.262300	0.000000	-0.399000	-0.000000	-0.000000	0.000000	-0.000000	-0.238600	-0.000000	0.000000	-0.490500	0.000000	0.000000	0.000000	0.000000	0.003800	-0.472700	-0.000000	0.000000	-0.270300	-0.000000	-0.376100	0.000000	-0.000000	-0.000000	-0.000000	0.292800	0.000000	0.000000	0.203900	-0.000000	-0.130600	0.420300	0.242900	-0.000000	-0.115000	0.000000	-0.000000	-0.218400	-0.000000	0.098500	-0.000000	0.000000	-0.061400	-0.025300	0.000000	0.000000	0.000000	
0.144900	-0.000000	0.000000	-0.000000	-0.000000	-0.397800	0.000000	0.000000	-0.000000	-0.305800	0.000000	0.159600	0.398100	0.051600	0.164100	0.318300	-0.205600	0.266900	0.338400	0.000000	0.353200	-0.380100	0.312400	-0.000000	-0.000000	-0.000000	0.000000	0.000000	0.328300	-0.397200	-0.000000	-0.000000	-0.325300	-0.110800	0.000000	-0.129600	-0.000000	-0.151200	0.492400	-0.321000	0.042900	0.000000	-0.026300	-0.000000	-0.411300	-0.000000	0.000000	-0.000000	0.000000	-0.000000	-0.000000	-0.000000	-0.000000	0.000000	-0.000000	0.033700	0.388000	-0.000000	0.189500	0.000000	-0.000000	0.000000	0.324500	-0.000000	0.000000	-0.000000	-0.306700	0.000000	-0.109100	-0.314300	0.000000	0.068900	
0.000000	-0.000000	0.000000	-0.000000	0.423300	-0.000000	-0.035300	-0.000000	-0.000000	0.000000	-0.000000	0.000000	-0.000000	0.000000	0.333900	-0.000000	-0.000000	0.000000	0.000000	0.000000	0.370500	0.464000	0.000000	-0.000000	-0.000000	0.000000	0.239800	-0.103100	0.000000	-0.000000	0.101000	0.000000	0.000000	-0.254100	-0.423900	-0.000000	-0.444600	-0.000000	-0.276500	-0.267200	-0.000000	0.000000	0.000000	-0.000000	0.000000	-0.498000	0.005500	0.000000	-0.339500	0.145000	-0.000000	0.166100	-0.000000	-0.000000	0.408000	-0.249800	0.019600	0.000000	0.000000	0.000000	-0.435700	0.000000	-0.079200	-0.233600	0.000000	-0.003200	-0.108200	0.319500	-0.000000	0.000000	0.000000	0.000000	
0.099800	-0.000000	-0.000000	-0.039700	0.000000	-0.246800	0.242300	-0.482100	0.398100	0.323700	0.183900	-0.000000	0.000000	0.000000	-0.000000	-0.000000	0.000000	0.174400	-0.026600	0.000000	-0.000000	0.394100	0.340400	0.000000	-0.473900	-0.000000	-0.000000	-0.000000	-0.017600	-0.000000	-0.000000	-0.000000	0.000000	0.000000	-0.322500	0.000000	-0.000000	0.000000	0.000000	0.000000	-0.000000	-0.000000	0.270000	0.000000	-0.000000	0.000000	0.453100	-0.000000	-0.000000	-0.438400	0.323700	-0.000000	0.000000	-0.200700	0.391200	0.116900	-0.333500	-0.000000	0.085900	0.000000	-0.000000	-0.185000	0.000000	0.000000	-0.000000	0.000000	-0.063500	-0.248700	-0.000000	-0.000000	0.000000	-0.023100	
-0.000000	-0.000000	-0.000000	-0.000000	-0.000000	0.000000	0.000000	0.000000	-0.467300	-0.000000	0.258200	0.123500	-0.068400	0.000000	-0.000000	0.000000	0.000000	0.000000	-0.000000	0.487800	0.276300	0.000000	0.477700	0.432800	-0.000000	-0.085900	-0.000000	0.389900	-0.000000	-0.436800	-0.000000	-0.000000	-0.152500	0.000000	-0.000000	-0.435700	-0.144100	-0.000000	0.000000	-0.111500	0.000000	-0.000000	-0.000000	-0.000000	0.000000	0.000000	0.000000	0.017400	-0.000000	-0.000000	-0.000000	-0.000000	0.000000	0.000000	-0.000000	-0.050400	0.302400	0.376700	-0.000000	0.000000	0.000000	0.000000	-0.000000	0.422500	-0.409100	0.038200	0.000000	-0.000000	-0.230700	-0.000000	-0.000000	-0.000000	

-0.000000	-0.000000	
0.402400	-0.000000	
-0.000000	-0.000000	
-0.056000	-0.031200	
0.000000	-0.128100	
0.000000	0.492900	
0.484900	0.176400	
0.000000	0.000000	
0.000000	-0.313100	
-0.000000	0.000000	
-0.169600	0.000000	
0.402300	-0.000000	
0.000000	-0.352100	
-0.000000	0.000000	
-0.000000	-0.000000	
-0.000000	-0.336700	
-0.146200	0.281500	
0.000000	0.061000	
-0.000000	0.000000	
-0.470300	0.000000	
0.000000	-0.191800	
-0.350100	-0.000000	
0.484500	-0.000000	
0.000000	0.111100	
0.000000	0.381300	
-0.317400	0.000000	
-0.338900	-0.000000	
0.238600	0.000000	
0.367900	0.000000	
-0.000000	0.000000	
0.000000	-0.212600	
-0.000000	0.444800	
0.204100	-0.000000	
0.005700	-0.092600	
-0.000000	0.000000	
0.000000	-0.000000	
-0.021300	0.000000	
-0.169600	-0.401700	
-0.000000	0.453600	
-0.155500	-0.000000	
0.000000	0.000000	
0.000000	0.000000	
-0.000000	-0.000000	
-0.000000	-0.000000	
-0.148000	0.000000	
0.459900	0.443000	
0.000000	0.000000	
0.000000	-0.000000	
0.000000	-0.000000	
-0.000000	-0.000000	
-0.000000	-0.074200	
-0.000000	0.177700	
0.000000	0.000000	
0.000000	-0.016600	
-0.262300	-0.000000	
-0.000000	-0.000000	
0.147400	0.273300	
0.000000	0.394400	
0.000000	-0.377400	
0.144500	-0.000000	
0.000000	-0.000000	
0.000000	0.000000	
0.000000	-0.000000	
-0.000000	0.000000	
-0.106000	0.000000	
0.000000	0.093100	
0.117500	-0.000000	
0.405900	-0.000000	
-0.000000	-0.000000	
0.000000	0.000000	
-0.000000	0.000000	
-0.078600	0.219900	

## BIASES:
-0.000000	-0.000000	-0.000000	0.000000	-0.495500	-0.000000	0.000000	-0.147100	0.000000	0.000000	-0.387200	-0.000000	-0.191800	0.000000	-0.000000	-0.389500	0.000000	0.218100	0.362800	-0.243100	-0.440600	0.113700	0.314500	0.000000	0.000000	-0.000000	0.000000	0.191500	-0.283500	-0.000000	-0.000000	0.000000	-0.000000	0.000000	-0.324800	-0.000000	0.000000	0.089900	-0.417800	-0.480700	-0.000000	-0.305100	0.448500	-0.000000	-0.000000	-0.000000	-0.000000	-0.000000	0.000000	0.000000	0.000000	0.239700	0.000000	-0.000000	0.000000	-0.000000	-0.000000	-0.472700	-0.441100	0.176500	-0.135400	0.018200	0.000000	-0.000000	0.000000	-0.000000	0.048400	-0.441400	0.000000	-0.000000	-0.422200	-0.000000	

0.000000	-0.000000	

