36:2:20:2

## LAYERS:
-0.251000	0.503000	27.200000	0.000000	0.022093	0.022591	0.022824	0.023322	0.023821	0.024319	0.024917	0.025581	0.026246	0.027243	0.027907	0.028571	0.029236	0.029900	0.030897	0.031561	0.032226	0.033223	0.034219	0.035216	0.036213	0.036711	0.037708	0.038704	0.039867	0.041030	0.042193	0.043522	0.045183	0.046512	0.047508	0.048837	

-0.376400	0.277900	0.250000	0.433100	-0.280200	-0.444800	0.189200	0.194200	-0.325100	-0.131900	-0.488000	0.055900	0.405600	-0.393700	0.136700	0.311500	-0.180300	0.492000	0.476100	-0.219300	

-0.201200	-0.417900	-0.015500	0.241200	-0.483000	0.431900	-0.034800	-0.212000	-0.140500	-0.246500	0.210800	-0.485200	0.243100	0.264200	0.033900	0.476100	-0.499800	0.451700	0.474500	-0.035000	

0.543113	0.488458	

## WEIGHTS:
-0.131500	-0.400800	0.435200	-0.361600	-0.048100	-0.463200	-0.334200	-0.147900	0.194100	-0.089100	0.351300	0.278300	-0.369600	0.404800	-0.215000	-0.071900	-0.272500	-0.033000	-0.000700	0.347300	
-0.480700	0.359400	0.184400	-0.213800	0.355700	-0.443000	-0.202800	-0.348300	0.082300	0.494600	0.054100	-0.177900	0.494000	0.294400	0.273900	0.447300	0.111500	0.349000	-0.431700	-0.194500	
-0.019700	0.307300	0.219000	-0.384000	0.367100	-0.253200	0.409400	0.074600	0.028000	-0.159100	0.061000	-0.362400	-0.183100	-0.207500	0.292200	0.298000	0.061300	0.372400	0.158300	0.328400	
0.164900	0.294900	-0.036100	-0.206000	-0.495200	-0.262200	-0.125000	-0.015300	0.440200	-0.197000	0.056900	0.087300	0.245400	-0.224200	0.414000	-0.198200	0.186100	0.434200	-0.014400	-0.364800	
-0.313300	-0.453500	-0.182400	0.047200	0.237400	0.445000	-0.443200	-0.201300	0.099300	-0.477400	0.262200	-0.176700	0.227600	-0.313700	-0.191200	0.232300	0.251700	0.127400	0.483700	-0.138900	
-0.436000	0.245600	0.209500	0.256900	-0.413300	0.425800	0.166200	-0.333800	-0.307300	0.295900	-0.318500	-0.132300	-0.022400	0.011400	-0.365800	0.341800	0.432700	0.432200	-0.351300	0.091100	
-0.307600	-0.146400	-0.275300	-0.439100	0.272100	-0.219800	-0.141600	-0.082300	-0.064400	0.305000	0.046800	0.270000	0.058400	0.069800	0.026900	-0.278800	-0.479300	-0.014800	0.396000	0.348500	
-0.008600	0.262500	0.184800	0.245800	0.409000	0.360500	0.460600	0.341600	0.131600	-0.390700	-0.074700	-0.410200	-0.495000	0.370600	0.215900	-0.072700	-0.080900	-0.415900	-0.359800	-0.215600	
0.060300	-0.149200	-0.246600	-0.025300	0.453100	-0.084600	-0.150500	0.268700	0.387800	0.376100	0.067200	-0.344000	0.180500	0.338700	-0.228500	0.089400	-0.277600	-0.177400	-0.433800	0.188600	
0.039300	-0.001300	0.398900	-0.320600	0.146400	-0.188100	-0.175800	-0.416100	-0.190900	-0.290500	-0.441700	0.132400	-0.384800	0.042100	0.115100	-0.143700	0.093100	-0.440500	-0.375100	-0.193900	
-0.371600	-0.122900	-0.109700	-0.174700	-0.067500	0.308300	0.049800	-0.240100	-0.194400	0.269600	0.425300	-0.317400	0.068600	0.147800	-0.420500	0.000800	-0.157900	-0.461100	0.488800	-0.126900	
-0.203700	-0.453000	0.179300	-0.325100	0.272100	-0.048900	0.031100	-0.135300	-0.199500	0.310000	0.345000	0.118800	0.179400	-0.383600	0.079200	-0.345700	0.433700	0.264200	-0.160600	-0.458500	
0.013600	-0.450100	-0.056900	0.322500	0.289000	0.262500	0.400900	0.072700	-0.116100	-0.227700	-0.238500	0.232700	0.301700	0.411700	0.407600	0.219200	0.364000	-0.426200	0.332900	0.493100	
-0.135100	-0.081600	-0.074700	-0.196600	-0.330100	0.139600	-0.407200	-0.094500	-0.096300	-0.067900	-0.270000	0.101900	-0.382800	0.473700	0.325100	-0.372200	0.175400	-0.415500	0.079500	-0.388200	
0.163600	-0.084000	-0.339100	-0.160500	-0.112300	0.059800	0.437000	-0.301400	-0.243900	0.068000	0.140300	0.445700	0.063900	0.427100	0.043600	0.233700	-0.159800	-0.125500	-0.340200	-0.120900	
0.177900	-0.171700	-0.307900	0.176400	-0.284600	-0.171400	-0.060700	0.051700	-0.163600	0.274800	-0.268500	0.151100	0.046300	0.254000	0.126200	0.434000	0.044000	0.063100	-0.474300	-0.363900	
0.208600	-0.212300	-0.418200	0.260600	-0.373300	-0.247600	-0.494000	0.206700	-0.499900	0.239500	0.220900	0.100800	0.416400	-0.346100	0.098700	-0.259200	0.058900	0.234600	0.282500	0.094900	
0.434800	-0.070500	0.257000	-0.128500	0.043500	-0.233900	-0.008900	-0.209300	-0.035700	0.323100	0.309900	-0.327200	-0.011000	0.119500	-0.054900	0.234900	-0.130100	-0.413800	0.332400	0.294300	
0.476200	0.053200	-0.480700	0.028500	0.137600	-0.101700	-0.392300	-0.387300	-0.057000	-0.365800	0.354600	0.087400	0.416000	-0.085100	-0.307100	-0.397700	0.159000	-0.251900	0.105000	0.360100	
0.313400	0.369100	-0.467200	-0.125600	-0.487200	-0.386900	-0.072000	0.446600	-0.465200	-0.239600	-0.057300	-0.244200	-0.408300	-0.346000	0.467400	-0.375900	-0.314400	-0.332800	-0.231700	-0.498700	
0.304800	-0.377200	-0.113000	0.243100	-0.247500	0.220700	0.024000	0.334400	0.211000	0.083200	0.008300	-0.340500	-0.251100	-0.189800	-0.403100	0.164200	0.174800	0.453000	0.110700	0.134100	
0.285100	0.248200	0.283500	0.481900	-0.359300	0.471800	-0.394100	0.493300	0.038100	0.157600	0.443500	-0.157200	-0.277800	-0.175500	-0.025200	0.492200	0.327100	-0.424500	0.068700	0.446300	
0.328100	-0.040400	-0.167400	0.050700	0.164100	-0.070600	-0.285200	-0.236600	0.454200	0.395100	-0.451600	0.061900	0.191700	0.331800	0.043700	0.258900	0.147700	-0.215200	0.090800	-0.265100	
-0.369600	0.294200	0.096700	0.487700	0.140600	0.175600	0.479900	-0.168800	0.420500	0.095200	-0.361700	-0.116300	0.307400	0.108600	-0.035900	0.473900	0.468300	0.284200	0.385500	0.173800	
0.204600	0.330100	-0.133000	-0.443200	-0.464100	0.380000	-0.361300	-0.025500	0.068900	-0.264700	-0.413700	-0.363100	-0.095300	0.160000	0.184100	-0.454800	-0.148400	-0.067900	-0.352000	-0.275900	
0.065100	0.334100	-0.209200	0.383200	0.167700	0.012100	0.373500	-0.061300	0.098500	0.466200	0.103100	0.389100	0.433500	0.042900	0.445800	0.469300	-0.421600	0.077800	0.155400	0.242200	
0.379300	-0.334800	0.381200	-0.075800	0.241000	0.065200	-0.021400	-0.319600	0.261500	0.278300	-0.400200	0.221600	-0.112000	-0.427600	0.279000	-0.103700	-0.249200	-0.104400	0.286200	-0.454900	
0.313000	-0.230400	-0.080600	0.246400	0.388700	-0.404800	0.138000	0.092100	-0.127000	0.294600	-0.495300	-0.448700	-0.087700	0.088600	-0.169300	0.475700	0.289000	-0.159300	0.465600	0.452400	
0.196600	-0.025900	-0.251900	0.219700	0.254200	0.108000	-0.121000	-0.219100	-0.496400	0.098300	-0.329700	0.419600	-0.403600	0.089600	0.327200	0.110100	0.454700	-0.322000	0.431100	-0.319600	
0.107700	0.138500	-0.243700	-0.297400	-0.141100	-0.038800	0.269800	0.426900	-0.063000	-0.232800	0.103500	-0.017200	0.130800	0.412500	-0.297600	-0.115100	-0.038500	-0.252000	-0.495700	0.253800	
0.460100	-0.304800	-0.369100	-0.107400	0.284700	-0.386600	0.072600	-0.125500	-0.049600	0.255100	0.389600	0.193300	0.042900	-0.078500	0.060600	-0.459700	-0.024900	0.250900	0.348600	-0.238700	
0.058400	0.430000	-0.255800	-0.067800	-0.047800	-0.283300	-0.047800	0.074200	0.021800	-0.022900	0.235400	-0.440200	-0.068700	-0.160300	0.136700	-0.206800	-0.108400	0.110000	-0.033500	-0.028500	
-0.374800	0.033900	0.274500	-0.162500	0.213100	-0.439600	0.458700	-0.370600	-0.270200	-0.440900	-0.415500	-0.290500	0.426800	0.063500	0.233600	0.056100	-0.184500	-0.314200	0.175900	-0.084800	
-0.479700	0.114500	-0.389800	0.470100	0.227900	-0.334000	-0.438000	-0.224000	-0.286700	-0.052200	0.020400	-0.161500	-0.463100	-0.019200	-0.301500	-0.331800	-0.268400	0.066200	0.276800	0.279700	
-0.239600	-0.065900	0.144400	0.384500	0.309800	-0.371700	0.121400	-0.374800	0.030900	-0.243100	-0.324400	0.423700	-0.380400	-0.214300	0.201800	0.112400	0.437900	-0.418400	0.158700	0.159400	
-0.205300	-0.450200	-0.334400	0.352200	0.081200	-0.198400	0.053100	-0.250100	0.065400	0.044400	-0.304800	0.325700	0.410800	0.378900	-0.494800	-0.434800	-0.348100	-0.080100	0.325500	-0.082400	

-0.208600	-0.436400	0.174600	0.077300	-0.150300	0.289300	0.228400	0.351900	-0.220100	0.490400	-0.449300	-0.461400	-0.096600	-0.143100	0.087400	0.123100	0.055700	0.381000	0.129800	0.053800	
-0.251000	-0.166900	0.062500	0.220500	0.195700	0.396500	-0.327200	-0.482500	0.023700	0.495500	0.186000	-0.211500	0.350900	-0.076100	0.374900	0.335800	-0.168500	-0.217400	0.268500	-0.253500	
0.181900	0.016100	-0.215000	-0.188500	0.008200	0.314600	0.189900	-0.390300	-0.301100	-0.300500	-0.240600	0.464800	0.289000	0.144700	-0.228600	-0.357400	-0.084300	-0.198400	0.365100	0.074500	
0.455900	-0.041600	-0.125600	-0.058100	0.067900	-0.472700	0.257700	0.285400	-0.333000	-0.353400	-0.020300	0.081700	0.443400	0.452000	-0.117600	-0.058800	0.333500	-0.265300	0.496400	-0.011700	
-0.344300	0.438000	-0.342000	0.444600	-0.454700	-0.140400	-0.435600	-0.403900	-0.487800	0.487000	0.170500	-0.141200	-0.196800	-0.455200	-0.126200	0.346800	0.429200	-0.495500	-0.073700	-0.271700	
0.387600	-0.015500	0.306400	0.019600	0.478600	-0.467900	0.238600	-0.052700	0.284300	0.012600	0.439500	0.075200	-0.381700	0.154300	-0.237100	-0.437500	0.258700	-0.392100	0.198500	0.278600	
0.191100	0.065100	-0.000800	0.382000	0.193100	0.146400	-0.129800	0.254800	-0.213900	-0.325100	0.040700	0.458600	-0.488700	-0.004900	0.132500	0.299700	0.310300	-0.435500	0.377600	-0.270200	
0.166200	0.436200	-0.165800	-0.422500	0.233100	-0.125400	0.083100	-0.117900	-0.415500	0.480300	-0.339400	0.275500	0.366000	-0.271100	-0.103200	0.423000	0.091800	-0.097900	0.232400	0.331000	
-0.287900	0.408200	0.057500	-0.276600	0.390400	0.206200	0.158200	-0.426000	0.244800	-0.329100	-0.344500	-0.453900	-0.250300	-0.494400	-0.439800	0.059900	0.100400	0.328000	-0.353400	0.488300	
-0.338300	0.295700	-0.412500	-0.025200	0.225800	-0.372600	-0.102200	-0.182500	0.150600	0.483400	0.163500	-0.123300	-0.127900	-0.289300	-0.264800	-0.150000	-0.297800	-0.092100	0.336200	-0.177500	
-0.435800	-0.395800	0.070600	0.105900	0.161900	-0.463800	0.270100	-0.390900	-0.144700	0.066800	-0.473900	-0.347900	-0.311100	0.142600	0.126900	0.323800	0.155500	-0.015600	0.403600	0.183700	
-0.075000	0.457200	0.195500	0.233500	-0.433800	-0.460600	0.432400	-0.289200	-0.215500	0.090700	0.275800	-0.341600	-0.053400	-0.294300	-0.392700	-0.097400	0.150500	0.174200	0.243900	-0.167700	
-0.259100	-0.480700	-0.251300	-0.118400	-0.338300	0.246400	0.463300	0.180800	-0.240300	-0.133400	0.499600	-0.033800	0.394800	0.195100	-0.300400	0.161200	-0.239200	0.267200	-0.017100	0.219800	
0.099000	0.317900	-0.444700	-0.229300	-0.316900	0.120600	-0.296000	-0.339900	0.429900	-0.027200	-0.372500	-0.243500	0.326300	-0.314000	0.138000	0.014400	-0.201300	0.141400	-0.413500	-0.306500	
-0.220800	0.329900	0.365400	0.374100	0.024900	-0.073600	0.110200	-0.079200	-0.032700	-0.407000	-0.061700	0.441900	0.054800	-0.309000	-0.265100	-0.127000	0.044700	-0.428400	-0.331800	0.201800	
0.154500	-0.242400	-0.219600	0.142500	0.042600	0.459900	0.334400	0.035800	0.172000	0.122300	0.070300	0.015500	-0.047900	-0.429200	-0.475300	0.112100	0.270900	0.277300	0.123700	0.373300	
-0.066600	-0.105400	0.094700	-0.172300	0.232700	-0.422600	-0.174900	0.057700	0.284100	0.373700	-0.113000	0.395200	-0.330700	-0.197500	0.112300	-0.153000	-0.179600	0.008100	0.410600	0.127500	
0.352400	-0.025800	0.149200	-0.282500	-0.330600	0.173800	-0.035300	-0.030900	0.365500	-0.367300	0.316200	0.146800	0.076300	-0.487200	0.387600	-0.447800	0.225300	-0.278200	0.356600	-0.291800	
-0.472800	0.378700	-0.396700	-0.098400	-0.372900	-0.163800	0.209900	-0.041500	0.014000	-0.266500	-0.057800	0.072700	-0.123500	-0.368300	-0.074700	0.045800	-0.197000	0.025200	0.144600	-0.190600	
0.157800	-0.387200	0.192600	-0.339300	0.479700	-0.284700	-0.287200	0.488500	-0.244500	-0.042300	0.495200	-0.050700	-0.046000	-0.286600	-0.052600	0.224100	0.012500	0.292500	0.243800	-0.180300	

0.038800	0.497300	
0.305000	0.447700	
0.436100	0.348600	
0.252400	0.123500	
-0.360400	-0.457000	
-0.019200	-0.369900	
0.218500	0.434600	
-0.038700	0.233300	
0.032200	-0.380800	
-0.484800	0.391600	
-0.061200	-0.206400	
0.041500	-0.361000	
-0.484000	0.272200	
0.250200	-0.132000	
0.037800	-0.100200	
0.332900	-0.070800	
0.035200	-0.161200	
-0.338200	-0.414300	
-0.367600	-0.255100	
0.348500	0.394500	

## BIASES:
0.399000	-0.499000	-0.353400	-0.054300	0.258000	0.080500	-0.144600	0.089300	0.211500	-0.186000	0.460400	-0.348500	-0.197200	0.108300	-0.109000	-0.167100	-0.451500	0.079200	-0.194600	0.229100	

0.085700	-0.033700	0.106400	-0.187500	0.147900	-0.156300	-0.148700	-0.461600	-0.252500	0.161100	0.310700	-0.094100	-0.256300	0.438900	-0.224900	-0.330400	-0.427100	-0.448600	-0.093300	-0.465700	

0.197000	0.029600	

