36:2:72:1

## LAYERS:
-0.251000	0.503000	27.600000	0.000000	0.830565	0.830565	0.913621	0.996678	0.996678	0.996678	0.996678	0.996678	0.996678	0.830565	0.373754	0.282392	0.207641	0.174419	0.145349	0.124585	0.107973	0.096678	0.085050	0.078073	0.070432	0.065116	0.059302	0.054817	0.050831	0.046512	0.043522	0.040532	0.038206	0.035714	0.033721	0.031561	

-0.000000	-0.000000	-0.000000	-0.000000	0.000000	-0.000000	-0.000000	0.000000	0.000000	0.000000	-0.000000	-0.000000	-0.000000	-0.000000	0.200800	-0.000000	-0.000000	0.000000	0.000000	-0.000000	0.000000	-0.000000	-0.000000	-0.000000	-0.000000	0.000000	-0.000000	-0.000000	0.000000	0.000000	0.000000	0.000000	0.000000	0.000000	0.000000	0.000000	0.000000	-0.000000	0.000000	-0.000000	0.000000	0.000000	0.000000	0.000000	-0.000000	0.000000	0.249200	-0.000000	0.000000	0.000000	-0.000000	-0.000000	0.000000	0.000000	-0.000000	0.000000	-0.000000	-0.000000	0.000000	0.000000	-0.000000	0.000000	-0.000000	0.000000	0.000000	-0.000000	0.000000	-0.000000	0.000000	-0.000000	-0.000000	0.000000	

0.546320	0.482380	

## WEIGHTS:
0.000000	0.000000	0.000000	-0.000000	0.000000	-0.000000	0.000000	0.000000	-0.000000	0.000000	0.000000	0.000000	0.000000	0.000000	0.233000	-0.000000	-0.000000	0.000000	-0.000000	-0.000000	-0.000000	0.000000	0.000000	-0.000000	-0.000000	0.000000	0.000000	0.000000	0.000000	0.000000	-0.000000	-0.336800	0.000000	0.000000	-0.000000	-0.000000	0.447700	0.000000	-0.000000	-0.000000	-0.000000	0.000000	0.000000	0.000000	-0.000000	0.000000	0.000000	-0.000000	0.000000	-0.000000	0.000000	0.000000	0.000000	0.000000	-0.000000	0.000000	-0.000000	-0.000000	0.000000	0.000000	-0.000000	-0.000000	0.498700	0.000000	-0.000000	-0.000000	-0.000000	-0.000000	0.248400	0.000000	-0.000000	0.000000	
-0.000000	0.000000	0.000000	0.000000	-0.000000	-0.000000	0.000000	-0.000000	-0.000000	0.000000	0.000000	0.000000	-0.000000	0.000000	0.000000	0.000000	-0.000000	0.000000	0.000000	0.402200	-0.000000	0.000000	-0.000000	0.000000	-0.000000	0.000000	0.000000	0.000000	-0.000000	0.000000	-0.000000	0.372700	-0.000000	0.000000	-0.000000	-0.000000	-0.000000	0.000000	-0.000000	0.000000	0.000000	-0.000000	-0.000000	0.000000	0.000000	0.000000	0.000000	0.000000	-0.000000	0.000000	-0.000000	-0.000000	0.000000	-0.000000	0.000000	-0.000000	-0.000000	-0.000000	-0.000000	-0.000000	0.000000	0.000000	-0.000000	0.000000	-0.000000	-0.000000	0.000000	0.000000	-0.000000	-0.000000	-0.000000	-0.000000	
-0.000000	-0.000000	-0.000000	-0.000000	0.000000	0.000000	0.000000	0.000000	-0.000000	0.000000	0.000000	-0.000000	-0.000000	-0.000000	-0.000000	0.000000	0.000000	-0.000000	-0.000000	-0.000000	0.000000	-0.000000	-0.000000	-0.000000	-0.000000	-0.000000	-0.000000	-0.000000	-0.000000	-0.000000	0.000000	0.000000	-0.000000	0.000000	0.000000	0.000000	-0.000000	-0.000000	0.000000	-0.000000	0.000000	-0.000000	-0.000000	-0.000000	0.080600	-0.000000	0.000000	0.000000	-0.000000	0.000000	-0.000000	0.000000	0.000000	0.000000	-0.000000	-0.000000	0.000000	-0.000000	-0.000000	-0.000000	-0.000000	0.000000	0.000000	0.000000	-0.000000	-0.000000	-0.000000	-0.000000	-0.000000	0.000000	-0.000000	0.000000	
0.305600	0.000000	0.000000	-0.000000	0.000000	0.000000	0.000000	0.000000	-0.000000	0.000000	0.000000	0.000000	-0.000000	0.000000	-0.000000	-0.000000	0.113200	-0.000000	0.000000	0.000000	0.000000	0.000000	-0.000000	-0.000000	0.000000	-0.000000	0.000000	0.000000	0.000000	0.000000	-0.000000	-0.000000	-0.000000	0.000000	0.209500	0.248500	0.000000	0.000000	0.000000	0.000000	0.000000	-0.000000	-0.000000	-0.000000	0.000000	0.000000	0.000000	0.000000	0.000000	-0.000000	0.000000	-0.000000	-0.000000	-0.000000	-0.000000	0.000000	0.000000	-0.000000	-0.000000	-0.000000	0.000000	-0.000000	0.000000	-0.000000	-0.000000	0.000000	-0.000000	0.000000	-0.000000	0.019400	-0.000000	-0.000000	
0.000000	0.000000	-0.000000	-0.164500	-0.000000	0.000000	0.000000	0.000000	0.000000	-0.000000	0.000000	0.000000	-0.000000	-0.000000	0.270600	-0.000000	-0.000000	0.000000	-0.000000	-0.000000	-0.000000	0.000000	0.000000	0.000000	0.000000	0.000000	-0.000000	-0.000000	-0.000000	0.000000	-0.000000	0.000000	-0.000000	0.000000	-0.000000	0.000000	-0.000000	0.000000	0.000000	-0.000000	-0.000000	-0.000000	0.000000	-0.000000	-0.000000	-0.000000	0.000000	0.000000	-0.000000	0.000000	-0.000000	0.000000	-0.000000	0.000000	0.000000	-0.000000	0.000000	0.000000	-0.000000	0.239700	-0.000000	-0.000000	-0.000000	-0.000000	-0.000000	-0.000000	-0.000000	-0.000000	0.000000	-0.000000	-0.000000	0.000000	
-0.000000	-0.000000	0.000000	-0.000000	-0.000000	0.000000	-0.000000	-0.000000	-0.000000	0.000000	0.000000	0.000000	0.000000	-0.000000	0.000000	0.000000	-0.000000	0.000000	0.000000	-0.000000	0.000000	0.000000	-0.000000	0.000000	0.000000	0.000000	0.000000	0.000000	-0.000000	0.000000	-0.000000	-0.000000	-0.000000	0.000000	0.000000	0.000000	-0.000000	-0.000000	0.000000	-0.000000	-0.000000	0.000000	-0.000000	0.042200	-0.000000	0.000000	0.000000	-0.000000	-0.000000	0.000000	-0.000000	0.000000	0.000000	0.000000	-0.000000	-0.000000	0.000000	0.000000	0.000000	0.000000	-0.000000	0.000000	0.000000	0.000000	-0.000000	-0.000000	-0.000000	-0.000000	-0.000000	-0.000000	0.000000	-0.000000	
0.000000	0.000000	0.000000	-0.000000	-0.000000	-0.000000	0.496700	-0.000000	-0.000000	-0.000000	0.000000	-0.000000	-0.000000	0.000000	-0.000000	-0.000000	-0.000000	0.287600	0.000000	-0.000000	-0.000000	-0.000000	-0.000000	-0.307400	-0.000000	-0.000000	0.000000	-0.000000	0.000000	0.000000	-0.000000	-0.000000	-0.000000	0.000000	0.000000	-0.000000	0.000000	0.000000	-0.000000	-0.000000	-0.000000	0.000000	0.000000	0.000000	-0.000000	0.000000	-0.000000	0.000000	-0.000000	0.000000	0.000000	-0.000000	0.000000	-0.000000	-0.000000	0.000000	-0.000000	0.000000	0.000000	-0.000000	-0.000000	-0.000000	0.000000	0.000000	0.000000	0.406300	0.000000	-0.000000	0.000000	0.000000	-0.000000	0.000000	
-0.000000	0.000000	0.000000	-0.000000	-0.000000	0.000000	0.000000	-0.000000	0.000000	0.000000	-0.160100	-0.000000	-0.000000	-0.000000	0.000000	-0.000000	0.000000	0.000000	-0.000000	0.000000	0.000000	-0.000000	0.000000	0.000000	0.000000	-0.000000	-0.000000	0.000000	0.000000	0.000000	-0.000000	0.000000	-0.000000	-0.000000	-0.000000	0.000000	-0.000000	-0.000000	0.000000	-0.000000	-0.000000	0.000000	-0.000000	0.000000	-0.000000	0.000000	0.000000	-0.000000	-0.000000	0.000000	-0.000000	0.000000	0.000000	0.157300	0.000000	-0.000000	0.000000	0.000000	0.000000	-0.000000	0.000000	0.000000	0.000000	-0.000000	-0.000000	0.000000	-0.000000	0.000000	-0.000000	0.000000	0.000000	0.000000	
-0.000000	0.000000	-0.000000	-0.000000	-0.000000	0.000000	-0.000000	-0.000000	-0.000000	0.000000	0.000000	0.000000	0.000000	0.000000	0.000000	-0.000000	-0.000000	0.000000	-0.000000	0.000000	0.000000	-0.000000	-0.000000	-0.000000	-0.000000	-0.000000	0.000000	-0.000000	0.000000	-0.000000	0.000000	0.000000	0.000000	0.000000	0.000000	0.000000	-0.000000	0.000000	0.000000	-0.000000	0.000000	-0.000000	0.000000	-0.000000	-0.000000	-0.000000	-0.000000	-0.000000	0.000000	-0.000000	-0.000000	0.000000	0.000000	-0.000000	0.000000	-0.000000	-0.000000	-0.000000	-0.000000	0.000000	-0.000000	0.000000	-0.000000	0.000000	-0.000000	0.000000	-0.000000	-0.000000	0.000000	0.000000	-0.000000	0.000000	
0.000000	0.000000	-0.000000	0.000000	0.000000	-0.000000	0.000000	0.000000	0.000000	-0.000000	-0.000000	0.000000	0.000000	0.000000	0.000000	-0.000000	0.000000	-0.000000	0.000000	-0.000000	0.000000	-0.000000	0.000000	-0.000000	0.000000	0.000000	-0.273000	0.000000	0.000000	0.000000	0.000000	-0.000000	-0.000000	-0.000000	0.000000	-0.000000	0.000000	-0.000000	0.000000	-0.000000	0.000000	0.000000	0.000000	-0.000000	-0.401700	0.000000	-0.000000	-0.000000	0.000000	0.000000	-0.000000	-0.000000	0.000000	0.349200	0.000000	-0.000000	0.000000	-0.000000	0.000000	0.000000	-0.000000	-0.000000	0.000000	0.000000	0.000000	-0.000000	0.000000	0.000000	-0.000000	0.000000	0.000000	0.000000	
0.000000	0.000000	0.000000	-0.000000	-0.000000	0.000000	-0.000000	0.000000	0.000000	-0.000000	-0.000000	-0.000000	0.000000	-0.000000	-0.000000	-0.000000	-0.000000	0.000000	0.000000	-0.000000	0.202400	-0.000000	0.000000	-0.000000	-0.000000	-0.185300	-0.251400	0.000000	-0.000000	0.000000	-0.000000	-0.000000	-0.000000	-0.000000	0.000000	0.000000	0.000000	0.000000	0.000000	-0.000000	0.000000	-0.000000	-0.000000	-0.000000	-0.000000	-0.000000	-0.000000	-0.000000	0.000000	0.000000	0.000000	-0.000000	0.000000	-0.000000	-0.000000	-0.000000	-0.000000	-0.000000	0.000000	0.000000	0.000000	0.000000	-0.000000	0.000000	0.000000	0.000000	-0.000000	-0.000000	-0.000000	0.000000	-0.000000	-0.000000	
0.000000	0.000000	-0.330900	-0.000000	-0.000000	-0.000000	0.000000	-0.000000	-0.000000	0.000000	0.000000	-0.000000	0.000000	0.000000	-0.000000	-0.000000	-0.000000	0.000000	0.000000	-0.000000	-0.000000	0.000000	0.000000	0.000000	0.000000	0.000000	-0.000000	0.000000	-0.000000	-0.000000	0.000000	0.000000	0.000000	0.000000	0.000000	-0.000000	0.000000	-0.000000	-0.000000	-0.000000	0.000000	0.000000	-0.000000	-0.000000	-0.084900	0.339800	0.447700	0.000000	-0.000000	0.000000	0.000000	-0.000000	-0.179700	-0.000000	0.440400	0.000000	0.000000	0.000000	-0.000000	-0.000000	0.000000	0.000000	-0.000000	-0.469300	-0.000000	0.000000	-0.000000	-0.000000	0.000000	-0.000000	-0.000000	-0.000000	
0.000000	-0.000000	-0.000000	0.447000	0.000000	-0.000000	0.000000	0.000000	0.000000	-0.000000	0.000000	0.000000	0.000000	0.000000	-0.000000	-0.000000	0.000000	-0.000000	0.000000	-0.000000	0.000000	-0.000000	-0.000000	0.000000	-0.000000	-0.000000	-0.464700	-0.000000	-0.000000	-0.000000	-0.000000	0.000000	0.000000	-0.000000	0.299100	0.000000	0.000000	-0.000000	-0.000000	-0.000000	0.000000	0.000000	-0.000000	-0.000000	-0.000000	-0.000000	0.000000	0.000000	0.000000	-0.000000	0.000000	-0.000000	0.000000	0.000000	0.000000	-0.000000	-0.000000	0.000000	-0.000000	-0.000000	0.000000	-0.000000	0.000000	-0.000000	0.000000	0.000000	-0.000000	-0.000000	0.000000	0.000000	-0.000000	-0.000000	
0.000000	-0.000000	-0.223900	-0.000000	-0.000000	0.000000	0.000000	0.000000	0.000000	0.000000	0.000000	-0.000000	-0.000000	-0.000000	-0.000000	-0.000000	-0.000000	-0.271900	-0.000000	-0.022800	0.433500	0.000000	0.000000	-0.000000	-0.000000	0.000000	0.000000	0.000000	-0.000000	0.000000	-0.000000	0.000000	0.000000	0.000000	0.000000	-0.000000	-0.000000	-0.000000	0.000000	0.000000	0.000000	-0.000000	0.000000	-0.000000	0.000000	0.000000	0.000000	0.000000	0.000000	0.000000	-0.000000	-0.000000	-0.000000	0.000000	0.000000	-0.000000	-0.000000	-0.000000	-0.000000	0.000000	-0.000000	0.000000	0.000000	-0.000000	-0.327800	0.000000	-0.000000	0.000000	0.000000	0.000000	-0.000000	-0.000000	
-0.000000	0.000000	0.000000	0.000000	-0.000000	-0.000000	-0.000000	0.000000	-0.000000	-0.000000	-0.000000	0.000000	-0.000000	0.000000	-0.000000	0.000000	0.000000	0.000000	-0.000000	-0.000000	-0.000000	-0.304600	0.000000	-0.000000	0.000000	0.000000	0.000000	-0.000000	0.000000	-0.000000	-0.000000	0.000000	0.000000	0.000000	-0.000000	-0.000000	0.000000	0.000000	0.000000	-0.000000	-0.000000	-0.000000	-0.000000	0.000000	-0.000000	0.000000	0.000000	0.000000	0.000000	0.000000	0.000000	-0.000000	0.000000	-0.000000	-0.000000	-0.000000	0.000000	0.000000	0.000000	-0.000000	0.000000	-0.000000	0.000000	-0.000000	0.000000	-0.000000	-0.000000	0.000000	0.000000	-0.000000	-0.008100	0.000000	
0.000000	0.000000	0.000000	0.000000	-0.000000	0.098000	-0.000000	-0.000000	-0.000000	-0.000000	0.000000	0.000000	0.000000	-0.000000	0.000000	-0.000000	-0.169800	0.000000	-0.000000	0.000000	-0.000000	-0.000000	0.000000	-0.000000	-0.000000	0.000000	0.000000	0.000000	0.000000	-0.376400	0.000000	0.000000	0.000000	0.000000	-0.000000	0.000000	0.000000	-0.000000	0.001900	0.000000	0.000000	-0.000000	-0.000000	0.000000	-0.000000	0.000000	-0.000000	-0.000000	0.000000	-0.427200	0.000000	-0.000000	-0.000000	0.000000	0.000000	-0.000000	-0.000000	-0.000000	-0.000000	0.000000	-0.000000	0.000000	-0.000000	-0.000000	-0.000000	-0.000000	0.000000	0.000000	-0.000000	-0.000000	-0.000000	-0.000000	
-0.000000	-0.000000	0.000000	-0.000000	0.000000	0.000000	-0.000000	0.000000	0.000000	0.000000	-0.000000	0.000000	0.000000	0.000000	-0.000000	-0.000000	0.000000	-0.000000	-0.000000	0.000000	0.000000	0.000000	-0.000000	0.000000	0.000000	0.000000	-0.000000	0.000000	0.408900	0.000000	0.000000	0.000000	0.000000	-0.000000	0.000000	-0.000000	0.000000	0.000000	-0.000000	0.000000	-0.000000	-0.000000	0.000000	-0.000000	0.000000	-0.000000	0.199000	-0.000000	-0.000000	-0.314800	0.000000	0.000000	0.000000	0.000000	-0.000000	-0.000000	-0.000000	0.000000	-0.000000	-0.000000	-0.000000	0.000000	0.000000	0.000000	0.000000	-0.000000	-0.000000	0.000000	0.000000	-0.000000	0.000000	-0.000000	
-0.000000	0.000000	0.000000	0.000000	0.000000	-0.000000	0.000000	0.000000	-0.000000	-0.000000	-0.000000	0.000000	0.000000	-0.000000	0.000000	-0.000000	0.230800	0.000000	-0.000000	0.000000	0.000000	-0.000000	-0.000000	0.000000	-0.000000	-0.000000	0.000000	0.000000	-0.000000	-0.000000	-0.000000	-0.000000	-0.000000	0.000000	0.000000	0.000000	-0.109500	-0.000000	-0.000000	-0.000000	-0.000000	-0.000000	0.000000	-0.000000	-0.000000	-0.000000	-0.000000	-0.108500	0.000000	0.000000	0.000000	0.000000	-0.000000	0.000000	0.000000	-0.000000	0.000000	-0.000000	0.161500	0.000000	0.000000	0.000000	0.000000	-0.000000	0.000000	-0.000000	0.000000	0.000000	-0.000000	0.000000	0.000000	0.000000	
-0.000000	0.000000	-0.000000	0.000000	0.000000	0.000000	-0.000000	0.000000	-0.000000	0.000000	0.000000	0.000000	-0.000000	0.000000	-0.208100	0.070100	-0.000000	0.000000	-0.000000	0.000000	-0.000000	0.000000	0.000000	-0.000000	0.000000	-0.000000	0.000000	0.000000	-0.000000	0.000000	-0.000000	0.000000	-0.000000	-0.000000	0.000000	0.000000	0.000000	0.000000	-0.000000	-0.000000	-0.000000	0.000000	-0.000000	-0.000000	-0.000000	-0.000000	-0.000000	-0.000000	-0.000000	0.000000	0.000000	-0.000000	-0.000000	-0.000000	-0.000000	0.000000	0.000000	0.000000	-0.000000	-0.000000	-0.000000	0.000000	0.000000	0.000000	-0.000000	0.000000	-0.000000	0.000000	-0.000000	-0.000000	0.000000	-0.000000	
-0.000000	0.000000	-0.000000	-0.000000	-0.000000	0.000000	-0.000000	-0.000000	-0.000000	0.000000	-0.000000	-0.000000	-0.000000	0.000000	0.000000	-0.000000	-0.000000	-0.000000	-0.000000	-0.000000	-0.000000	-0.000000	-0.000000	-0.000000	0.000000	-0.000000	0.000000	-0.000000	-0.000000	-0.000000	-0.000000	-0.000000	0.000000	0.000000	-0.000000	0.000000	-0.000000	-0.000000	0.000000	-0.000000	-0.000000	-0.000000	0.000000	-0.000000	0.000000	-0.000000	-0.000000	-0.000000	-0.000000	-0.000000	-0.000000	-0.000000	0.000000	0.000000	-0.000000	-0.000000	0.000000	-0.324700	0.000000	-0.000000	-0.000000	0.000000	-0.000000	0.000000	0.000000	0.000000	0.000000	0.000000	0.000000	-0.000000	0.000000	-0.000000	
-0.000000	-0.000000	0.000000	-0.000000	-0.000000	-0.000000	0.000000	0.000000	0.000000	0.000000	-0.000000	-0.000000	-0.000000	-0.000000	0.000000	0.000000	0.000000	0.000000	0.000000	0.000000	0.000000	-0.000000	-0.000000	-0.000000	0.000000	0.000000	-0.000000	-0.000000	0.408600	-0.000000	-0.000000	-0.000000	0.000000	0.000000	-0.000000	-0.000000	-0.000000	0.000000	0.000000	0.000000	-0.000000	0.000000	0.000000	-0.000000	-0.000000	0.000000	0.000000	-0.000000	0.000000	-0.000000	0.000000	-0.000000	0.000000	-0.000000	0.000000	-0.000000	-0.000000	-0.000000	-0.000000	0.000000	0.000000	0.000000	-0.000000	-0.000000	-0.000000	0.000000	-0.000000	0.000000	-0.000000	-0.000000	0.000000	-0.000000	
0.000000	0.000000	-0.000000	0.000000	0.000000	-0.000000	0.000000	-0.000000	0.000000	0.000000	-0.000000	0.000000	0.000000	0.000000	-0.000000	0.000000	-0.000000	0.000000	0.000000	-0.000000	-0.000000	-0.000000	-0.000000	-0.000000	0.000000	-0.000000	-0.000000	-0.000000	-0.000000	0.000000	0.000000	-0.000000	-0.000000	0.000000	0.000000	-0.000000	0.000000	-0.000000	0.000000	0.000000	-0.000000	0.000000	0.000000	0.000000	-0.000000	-0.000000	0.000000	0.000000	-0.000000	0.000000	-0.000000	-0.000000	0.000000	-0.000000	0.000000	0.000000	0.000000	-0.000000	0.000000	-0.000000	0.000000	-0.000000	0.000000	-0.000000	-0.000000	-0.312100	-0.000000	0.000000	-0.000000	-0.000000	-0.000000	-0.000000	
0.000000	0.000000	0.000000	-0.000000	-0.000000	-0.000000	0.000000	0.000000	0.000000	0.000000	-0.000000	0.000000	0.000000	-0.000000	-0.000000	0.000000	0.000000	0.000000	-0.000000	-0.000000	0.000000	0.000000	0.000000	0.000000	0.000000	-0.000000	-0.000000	0.000000	0.000000	-0.000000	0.000000	-0.000000	0.000000	-0.000000	-0.000000	0.000000	-0.000000	-0.000000	0.000000	0.000000	0.000000	0.000000	-0.000000	-0.000000	0.000000	-0.000000	0.000000	-0.000000	-0.000000	0.000000	0.000000	0.000000	-0.000000	-0.000000	-0.170400	0.000000	0.000000	-0.000000	0.000000	0.000000	-0.000000	0.000000	0.000000	0.000000	-0.000000	0.000000	-0.000000	0.000000	-0.184300	0.000000	-0.000000	-0.000000	
-0.000000	-0.000000	-0.000000	0.000000	-0.000000	0.000000	-0.000000	0.000000	-0.000000	0.000000	-0.000000	-0.109200	0.000000	0.000000	-0.000000	0.000000	0.000000	0.000000	0.000000	0.000000	-0.000000	-0.000000	0.000000	-0.000000	0.000000	0.000000	0.000000	-0.000000	-0.000000	0.000000	0.000000	-0.000000	0.432600	0.000000	-0.000000	-0.000000	-0.000000	-0.000000	0.000000	-0.000000	0.000000	-0.000000	-0.000000	-0.000000	0.000000	0.259800	0.000000	0.000000	-0.000000	0.000000	-0.000000	-0.000000	0.000000	-0.000000	0.000000	0.000000	-0.000000	-0.000000	0.000000	-0.000000	0.000000	0.000000	0.000000	0.000000	0.000000	0.000000	0.000000	-0.000000	0.000000	-0.000000	0.000000	0.000000	
-0.000000	0.000000	0.143000	-0.000000	-0.000000	-0.000000	0.000000	-0.000000	-0.000000	-0.361800	0.000000	-0.000000	0.000000	-0.000000	0.000000	-0.000000	-0.000000	-0.000000	-0.039500	0.000000	0.000000	0.000000	-0.000000	-0.000000	-0.000000	0.000000	-0.000000	0.000000	-0.000000	0.000000	-0.000000	-0.000000	0.000000	-0.000000	-0.000000	0.000000	0.000000	0.000000	-0.000000	-0.000000	0.000000	0.000000	-0.000000	0.000000	0.000000	0.000000	-0.000000	0.000000	-0.000000	-0.188800	-0.000000	0.000000	-0.000000	-0.000000	0.000000	-0.000000	0.000500	0.000000	-0.000000	0.350000	0.000000	0.000000	0.000000	0.000000	-0.000000	-0.000000	0.000000	-0.000000	0.000000	0.000000	0.000000	-0.000000	
0.000000	-0.000000	-0.000000	-0.000000	0.000000	-0.000000	0.000000	0.000000	0.000000	0.000000	-0.000000	0.000000	-0.000000	0.000000	0.000000	0.000000	0.000000	0.000000	-0.000000	0.000000	0.000000	-0.000000	0.401300	0.000000	-0.000000	0.000000	0.000000	-0.000000	-0.000000	0.000000	-0.000000	0.000000	0.000000	-0.000000	-0.000000	-0.000000	0.000000	0.000000	0.000000	0.000000	0.000000	-0.000000	-0.000000	-0.000000	0.000000	0.000000	0.000000	-0.000000	0.000000	-0.000000	-0.000000	0.000000	0.000000	-0.000000	-0.000000	-0.000000	-0.000000	0.000000	-0.000000	-0.000000	0.000000	-0.000000	-0.000000	-0.000000	-0.223600	-0.000000	0.000000	0.000000	-0.114300	0.000000	-0.000000	-0.000000	
-0.000000	0.000000	-0.000000	-0.000000	-0.000000	-0.000000	-0.000000	0.000000	0.000000	-0.000000	0.000000	-0.000000	-0.000000	0.000000	0.000000	0.000000	0.000000	0.000000	0.000000	-0.000000	-0.000000	0.000000	-0.000000	0.000000	0.000000	0.000000	0.000000	-0.000000	-0.000000	0.000000	-0.000000	-0.000000	-0.000000	-0.000000	-0.000000	-0.000000	0.000000	-0.000000	0.000000	0.000000	-0.000000	-0.000000	-0.000000	0.000000	0.000000	-0.000000	0.000000	-0.000000	-0.000000	0.000000	-0.000000	0.000000	0.000000	0.000000	0.000000	-0.000000	-0.000000	0.000000	-0.000000	0.000000	0.000000	0.000000	-0.000000	0.000000	-0.000000	-0.000000	0.000000	-0.000000	-0.000000	-0.000000	-0.000000	0.000000	
-0.000000	0.000000	0.000000	-0.000000	-0.222900	-0.000000	-0.000000	-0.000000	0.000000	0.000000	0.000000	-0.000000	0.411600	0.000000	-0.000000	0.000000	0.000000	0.000000	0.000000	0.000000	0.000000	0.000000	-0.000000	-0.000000	0.000000	0.000000	0.000000	-0.000000	-0.000000	-0.412100	0.000000	-0.000000	-0.000000	0.000000	0.000000	0.000000	-0.000000	0.000000	0.000000	0.000000	0.000000	0.000000	-0.000000	0.000000	-0.000000	0.000000	0.000000	-0.000000	-0.000000	0.000000	0.000000	0.000000	0.000000	0.000000	0.000000	-0.000000	0.000000	0.000000	-0.000000	0.000000	0.000000	0.000000	-0.000000	-0.000000	0.000000	-0.000000	-0.000000	-0.000000	0.000000	0.000000	-0.000000	0.000000	
-0.000000	-0.000000	-0.000000	0.000000	0.000000	-0.000000	-0.109200	0.000000	-0.000000	-0.000000	-0.000000	0.000000	0.000000	0.000000	-0.000000	0.000000	-0.000000	0.000000	-0.000000	0.000000	0.000000	-0.000000	-0.000000	-0.000000	-0.000000	0.000000	-0.326400	0.000000	0.000000	-0.000000	-0.000000	-0.000000	-0.000000	-0.000000	-0.000000	0.241300	0.000000	0.000000	-0.000000	0.000000	0.000000	0.000000	-0.339500	-0.000000	-0.000000	0.000000	0.000000	0.000000	0.000000	0.000000	-0.000000	0.000000	0.000000	-0.000000	0.000000	0.000000	0.000000	0.000000	0.000000	-0.000000	0.000000	0.000000	0.000000	0.000000	-0.000000	-0.000000	-0.000000	0.000000	0.000000	0.000000	-0.000000	-0.000000	
0.000000	0.000000	-0.000000	0.000000	-0.000000	-0.000000	-0.000000	0.000000	0.000000	-0.000000	-0.000000	-0.000000	0.000000	0.000000	0.000000	0.000000	-0.000000	0.000000	0.000000	0.440200	-0.000000	0.000000	0.000000	-0.000000	0.000000	0.000000	0.000000	-0.000000	-0.000000	-0.000000	-0.000000	0.000000	0.000000	0.000000	0.000000	-0.000000	-0.000000	0.000000	0.000000	0.000000	-0.000000	0.000000	0.000000	0.000000	-0.000000	0.000000	0.000000	0.000000	0.000000	-0.000000	-0.000000	0.000000	-0.000000	-0.000000	0.000000	-0.000000	-0.000000	0.000000	-0.000000	-0.000000	-0.000000	0.000000	-0.000000	0.000000	-0.000000	-0.000000	0.000000	-0.000000	-0.000000	-0.000000	-0.000000	0.000000	
0.000000	0.000000	0.000000	-0.000000	-0.000000	0.000000	0.000000	0.000000	0.000000	0.000000	-0.000000	-0.000000	-0.000000	-0.000000	0.000000	0.000000	0.000000	-0.000000	0.000000	0.000000	-0.000000	-0.000000	-0.000000	0.000000	-0.000000	0.000000	-0.000000	0.000000	0.000000	0.000000	0.000000	-0.000000	-0.000000	0.000000	-0.000000	-0.000000	-0.000000	0.000000	0.000000	-0.000000	0.000000	0.000000	0.000000	-0.000000	0.000000	-0.000000	0.000000	0.000000	0.000000	0.000000	0.000000	0.000000	-0.000000	-0.000000	-0.000000	0.000000	0.000000	0.000000	-0.000000	-0.000000	-0.000000	0.000000	-0.000000	-0.000000	0.000000	-0.000000	0.000000	-0.000000	0.000000	-0.000000	0.000000	-0.000000	
-0.000000	0.000000	0.000000	0.000000	0.000000	0.000000	0.403900	-0.000000	0.000000	-0.000000	0.000000	0.000000	-0.000000	0.000000	-0.235300	0.000000	-0.000000	-0.000000	0.000000	0.000000	0.000000	0.000000	0.000000	-0.000000	0.000000	0.000000	-0.000000	-0.000000	-0.000000	0.000000	-0.000000	-0.000000	-0.000000	0.000000	-0.000000	0.000000	0.000000	0.000000	0.000000	0.000000	-0.000000	-0.000000	0.000000	-0.000000	-0.000000	-0.000000	0.000000	-0.000000	-0.000000	-0.000000	0.000000	0.000000	0.000000	0.000000	-0.000000	-0.000000	0.000000	0.000000	-0.000000	-0.000000	0.000000	-0.000000	-0.000000	-0.000000	0.000000	-0.000000	0.000000	-0.000000	-0.000000	0.000000	0.000000	0.000000	
0.000000	-0.000000	0.000000	-0.000000	-0.000000	-0.000000	0.000000	0.000000	-0.000000	-0.000000	0.000000	0.000000	0.000000	0.000000	0.000000	0.000000	-0.000000	0.000000	0.000000	0.000000	0.000000	-0.000000	0.000000	-0.000000	-0.000000	-0.000000	0.000000	0.000000	0.000000	-0.000000	-0.000000	-0.000000	-0.000000	-0.000000	0.000000	-0.000000	-0.000000	-0.000000	0.000000	-0.000000	0.000000	0.000000	-0.000000	-0.000000	-0.000000	-0.000000	0.000000	-0.000000	0.000000	-0.000000	-0.000000	-0.000000	-0.000000	0.000000	-0.000000	0.000000	0.000000	-0.000000	0.000000	0.000000	-0.000000	0.000000	0.000000	-0.000000	0.000000	-0.000000	-0.000000	0.000000	-0.000000	-0.000000	0.000000	0.000000	
0.000000	-0.000000	0.000000	-0.000000	0.000000	-0.000000	-0.000000	-0.000000	-0.000000	0.000000	-0.000000	0.000000	-0.000000	0.000000	0.000000	-0.000000	-0.000000	0.000000	0.000000	0.000000	0.000000	0.000000	0.000000	-0.000000	-0.000000	0.000000	0.000000	-0.000000	0.000000	-0.000000	0.000000	0.000000	0.000000	-0.000000	-0.000000	-0.000000	-0.444600	-0.000000	-0.000000	-0.000000	-0.000000	0.000000	0.000000	-0.000000	0.000000	-0.000000	0.005500	0.000000	-0.000000	0.000000	-0.000000	0.000000	-0.000000	-0.000000	0.000000	-0.000000	0.000000	0.000000	0.000000	0.000000	-0.000000	0.000000	-0.000000	-0.000000	0.000000	-0.000000	-0.000000	0.000000	-0.000000	0.000000	0.000000	0.000000	
0.000000	-0.000000	-0.000000	-0.000000	0.000000	-0.000000	0.000000	-0.000000	0.000000	0.000000	0.000000	-0.000000	0.000000	0.000000	-0.000000	-0.000000	0.000000	0.000000	-0.000000	0.000000	-0.000000	0.000000	0.000000	0.000000	-0.000000	-0.000000	-0.000000	-0.000000	-0.000000	-0.000000	-0.000000	-0.000000	0.000000	0.000000	-0.000000	0.000000	-0.000000	0.000000	0.329100	0.000000	-0.000000	-0.000000	0.000000	0.000000	-0.000000	0.000000	0.000000	-0.000000	-0.000000	-0.000000	0.000000	-0.000000	0.000000	-0.000000	0.000000	0.000000	-0.000000	-0.000000	0.000000	0.000000	-0.000000	-0.000000	0.000000	0.000000	-0.000000	0.000000	-0.000000	-0.000000	-0.000000	-0.000000	0.000000	-0.000000	
-0.000000	-0.000000	-0.117100	-0.000000	-0.000000	0.000000	0.000000	0.000000	-0.000000	-0.000000	0.000000	0.000000	-0.068400	0.149400	-0.000000	0.000000	0.000000	0.000000	-0.000000	0.000000	0.000000	0.000000	0.000000	0.000000	-0.000000	-0.000000	-0.000000	0.000000	-0.000000	-0.000000	-0.000000	-0.000000	-0.000000	0.000000	-0.000000	-0.000000	-0.000000	-0.000000	0.000000	-0.000000	0.000000	-0.000000	-0.000000	-0.000000	0.000000	0.000000	0.000000	0.000000	-0.000000	-0.000000	-0.000000	-0.000000	0.158100	0.000000	-0.000000	-0.000000	0.000000	0.000000	-0.000000	0.000000	0.000000	0.000000	-0.000000	0.000000	-0.000000	0.000000	0.000000	-0.000000	-0.000000	-0.000000	-0.000000	-0.000000	

-0.000000	-0.000000	
0.000000	-0.000000	
-0.000000	-0.000000	
-0.000000	-0.000000	
0.000000	-0.128100	
0.000000	0.000000	
0.000000	0.000000	
0.000000	0.000000	
0.000000	-0.313100	
-0.000000	0.436400	
-0.000000	0.000000	
0.402300	-0.000000	
0.000000	-0.352100	
-0.000000	0.000000	
-0.000000	-0.000000	
-0.000000	-0.000000	
-0.000000	0.000000	
0.000000	0.000000	
-0.000000	0.000000	
-0.470300	0.000000	
0.000000	-0.000000	
-0.000000	-0.000000	
0.000000	-0.000000	
0.488000	0.000000	
0.000000	0.000000	
-0.000000	0.011400	
-0.000000	-0.000000	
0.000000	0.000000	
0.000000	0.000000	
-0.000000	0.000000	
0.000000	-0.000000	
-0.000000	0.000000	
0.000000	-0.000000	
0.000000	-0.000000	
-0.000000	0.000000	
0.000000	-0.000000	
-0.000000	0.000000	
-0.000000	-0.000000	
-0.000000	0.000000	
-0.000000	-0.000000	
0.000000	0.000000	
0.000000	0.000000	
-0.000000	-0.000000	
-0.000000	-0.000000	
-0.000000	0.000000	
0.000000	0.000000	
0.000000	0.000000	
0.000000	-0.000000	
0.000000	-0.000000	
-0.000000	-0.000000	
-0.000000	-0.000000	
-0.000000	0.000000	
0.000000	0.000000	
0.000000	-0.000000	
-0.000000	-0.000000	
-0.000000	-0.000000	
0.000000	0.000000	
0.000000	0.000000	
0.000000	-0.000000	
0.000000	-0.000000	
0.000000	-0.000000	
0.000000	0.000000	
0.000000	-0.000000	
-0.000000	0.000000	
-0.000000	0.000000	
0.000000	0.000000	
0.000000	-0.000000	
0.000000	-0.000000	
-0.000000	-0.000000	
0.000000	0.213900	
-0.000000	0.000000	
-0.000000	0.000000	

## BIASES:
-0.000000	-0.000000	-0.000000	0.000000	-0.000000	-0.000000	0.000000	-0.000000	0.000000	0.000000	-0.000000	-0.000000	-0.000000	0.000000	-0.000000	-0.000000	0.000000	0.000000	0.000000	-0.000000	-0.000000	0.113700	0.000000	0.285400	0.287000	-0.000000	0.000000	0.000000	-0.000000	-0.000000	-0.000000	0.000000	-0.000000	0.000000	-0.000000	-0.000000	0.000000	0.000000	-0.000000	-0.000000	-0.000000	-0.000000	0.000000	-0.000000	-0.499800	-0.000000	-0.000000	-0.000000	0.000000	0.000000	0.000000	0.239700	0.000000	-0.000000	0.000000	-0.000000	-0.000000	-0.000000	-0.000000	0.000000	-0.000000	0.000000	0.000000	-0.000000	0.000000	-0.000000	0.000000	-0.000000	0.000000	-0.000000	-0.000000	-0.000000	

0.000000	-0.000000	

