36:2:72:1

## LAYERS:
-0.251000	0.000000	30.600000	0.000000	0.033223	0.034219	0.000000	0.000000	0.000000	0.039867	0.042193	0.045183	0.047508	0.000000	0.000000	0.000000	0.000000	0.017110	0.018106	0.000000	0.020100	0.000000	0.099668	0.107973	0.118937	0.128738	0.000000	0.000000	0.026578	0.027907	0.182724	0.000000	0.000000	0.207641	0.033721	0.000000	

-0.000000	-0.000000	-0.000000	-0.000000	0.000000	-0.000000	-0.000000	0.000000	0.000000	0.000000	-0.000000	-0.000000	-0.000000	-0.000000	0.200800	-0.000000	-0.000000	0.000000	0.000000	-0.000000	0.000000	-0.000000	-0.000000	-0.000000	-0.000000	0.003800	-0.000000	-0.000000	0.000000	0.000000	0.000000	0.000000	0.000000	0.000000	0.000000	0.000000	0.000000	-0.000000	0.000000	-0.000000	0.000000	0.000000	0.000000	0.000000	-0.000000	0.000000	0.249200	-0.000000	0.000000	0.000000	-0.000000	-0.000000	0.000000	0.000000	-0.000000	0.000000	-0.000000	-0.000000	0.000000	0.000000	-0.190100	0.000000	-0.000000	0.000000	0.000000	-0.000000	0.000000	-0.000000	0.000000	-0.000000	-0.000000	0.000000	

0.000000	0.000000	

## WEIGHTS:
0.212500	0.000000	0.000000	-0.000000	0.000000	-0.000000	0.000000	0.000000	-0.000000	0.000000	0.000000	0.000000	0.000000	0.000000	0.000000	-0.000000	-0.000000	0.000000	-0.000000	-0.000000	-0.000000	0.000000	0.000000	-0.000000	-0.000000	0.000000	0.000000	0.000000	0.000000	0.000000	-0.000000	-0.000000	0.000000	0.000000	-0.000000	-0.000000	0.000000	0.000000	-0.098200	-0.000000	-0.000000	0.000000	0.000000	0.000000	-0.000000	0.000000	0.000000	-0.000000	0.000000	-0.000000	0.000000	0.000000	0.000000	0.000000	-0.000000	0.000000	-0.000000	-0.000000	0.000000	0.000000	-0.000000	-0.000000	0.000000	0.000000	-0.000000	-0.000000	-0.000000	-0.000000	0.000000	0.000000	-0.000000	0.000000	
-0.000000	0.000000	0.000000	0.000000	-0.000000	-0.000000	0.000000	-0.239300	-0.000000	0.000000	0.000000	0.000000	-0.000000	0.000000	0.000000	0.000000	-0.000000	0.089300	0.000000	0.000000	-0.000000	0.019200	-0.000000	0.000000	-0.000000	0.000000	0.000000	0.000000	-0.000000	0.000000	-0.000000	0.372700	-0.000000	0.000000	-0.000000	-0.000000	-0.000000	0.000000	-0.000000	0.000000	0.000000	-0.000000	-0.000000	0.000000	0.000000	0.000000	0.000000	0.000000	-0.000000	0.000000	-0.000000	-0.000000	0.434200	-0.000000	0.000000	-0.000000	-0.000000	-0.000000	-0.000000	-0.000000	0.000000	0.000000	-0.000000	0.000000	-0.000000	-0.000000	0.000000	0.000000	-0.000000	-0.000000	-0.000000	-0.000000	
-0.000000	-0.000000	-0.000000	-0.000000	0.000000	0.000000	0.000000	0.000000	-0.000000	0.000000	0.000000	-0.000000	-0.000000	-0.000000	-0.000000	0.000000	0.000000	-0.000000	-0.000000	-0.000000	0.000000	-0.000000	-0.000000	-0.000000	-0.000000	-0.000000	-0.000000	-0.000000	-0.000000	-0.000000	0.000000	0.000000	-0.000000	0.000000	0.000000	0.000000	-0.000000	-0.000000	0.000000	-0.000000	0.000000	-0.000000	-0.000000	-0.000000	0.000000	-0.000000	0.000000	0.000000	-0.000000	0.000000	-0.000000	0.000000	0.000000	0.000000	-0.000000	-0.412000	0.000000	-0.000000	-0.000000	-0.000000	-0.000000	0.000000	0.000000	0.000000	-0.000000	-0.000000	-0.000000	-0.000000	-0.000000	0.000000	-0.000000	0.000000	
0.305600	0.000000	0.000000	-0.478700	0.000000	0.000000	0.000000	0.000000	-0.000000	0.000000	0.000000	0.000000	-0.000000	0.000000	-0.000000	-0.000000	0.113200	-0.000000	0.000000	0.000000	0.000000	0.000000	-0.000000	-0.000000	0.000000	-0.000000	0.000000	0.000000	0.000000	0.000000	-0.000000	-0.000000	-0.000000	0.000000	0.209500	0.000000	0.000000	0.000000	0.000000	0.000000	0.000000	-0.000000	-0.000000	-0.199700	0.000000	0.000000	0.000000	0.000000	0.000000	-0.000000	0.000000	-0.000000	-0.000000	-0.000000	-0.000000	0.000000	0.000000	-0.000000	-0.000000	-0.000000	0.000000	-0.000000	0.000000	-0.000000	-0.000000	0.000000	-0.000000	0.000000	-0.000000	0.000000	-0.000000	-0.000000	
0.000000	0.000000	-0.000000	-0.164500	-0.000000	0.000000	0.000000	0.000000	0.000000	-0.000000	0.000000	0.000000	-0.000000	-0.000000	0.000000	-0.000000	-0.000000	0.000000	-0.000000	-0.000000	-0.000000	0.000000	0.000000	0.000000	0.000000	0.000000	-0.000000	-0.000000	-0.000000	0.000000	-0.000000	0.000000	-0.000000	0.000000	-0.000000	0.483200	-0.000000	0.000000	0.000000	-0.000000	-0.000000	-0.468600	0.000000	-0.000000	-0.000000	-0.000000	0.000000	0.000000	-0.000000	0.000000	-0.000000	0.000000	-0.000000	0.000000	0.000000	-0.000000	0.000000	0.000000	-0.000000	0.239700	-0.000000	-0.000000	-0.000000	-0.000000	-0.000000	-0.289500	-0.000000	-0.000000	0.000000	-0.000000	-0.000000	0.000000	
-0.000000	-0.000000	0.000000	-0.334600	-0.000000	0.000000	-0.000000	-0.000000	-0.000000	0.000000	0.000000	0.000000	0.000000	-0.000000	0.000000	0.000000	-0.000000	0.000000	0.000000	-0.000000	0.000000	0.000000	-0.000000	0.000000	0.000000	0.000000	0.000000	0.000000	-0.000000	0.000000	-0.000000	-0.000000	-0.000000	0.000000	0.000000	0.000000	-0.000000	-0.000000	0.000000	-0.000000	-0.000000	0.193900	-0.000000	0.042200	-0.000000	0.000000	0.000000	-0.000000	-0.000000	0.000000	-0.000000	0.000000	0.000000	0.000000	-0.000000	-0.000000	0.000000	0.000000	0.000000	0.000000	-0.000000	0.000000	0.000000	0.000000	-0.000000	-0.000000	-0.000000	-0.000000	-0.133800	-0.000000	0.000000	-0.000000	
0.000000	0.000000	0.000000	-0.000000	-0.000000	-0.000000	0.000000	-0.000000	-0.000000	-0.000000	0.000000	-0.000000	-0.000000	0.000000	-0.000000	-0.000000	-0.000000	0.287600	0.000000	-0.000000	-0.000000	-0.000000	-0.000000	-0.000000	-0.000000	-0.000000	0.000000	-0.000000	0.000000	0.000000	-0.000000	-0.000000	-0.000000	0.000000	0.000000	-0.000000	0.000000	0.000000	-0.000000	-0.000000	-0.000000	0.000000	0.042500	0.000000	-0.000000	0.000000	-0.000000	0.000000	-0.000000	0.000000	0.000000	-0.000000	0.000000	-0.000000	-0.000000	0.000000	-0.000000	0.000000	0.000000	-0.000000	-0.000000	-0.000000	0.000000	0.000000	0.000000	0.406300	0.000000	-0.000000	0.000000	0.000000	-0.000000	0.000000	
-0.000000	0.332700	0.000000	-0.000000	-0.000000	0.000000	0.000000	-0.000000	0.000000	0.000000	-0.160100	-0.000000	-0.000000	-0.000000	0.000000	-0.000000	0.000000	0.000000	-0.000000	0.000000	0.000000	-0.000000	0.000000	0.000000	0.000000	-0.000000	-0.000000	0.000000	0.000000	0.000000	-0.000000	0.000000	-0.000000	-0.000000	-0.000000	0.000000	-0.000000	-0.000000	0.000000	-0.000000	-0.000000	0.000000	-0.000000	0.000000	-0.000000	0.000000	0.315200	-0.000000	-0.000000	0.000000	-0.000000	0.000000	0.000000	0.000000	0.000000	-0.000000	0.000000	0.000000	0.000000	-0.000000	0.000000	0.000000	0.000000	-0.000000	-0.000000	0.000000	-0.000000	0.000000	-0.000000	0.000000	0.029100	0.000000	
-0.000000	0.000000	-0.000000	-0.000000	-0.000000	0.000000	-0.000000	-0.000000	-0.000000	0.402000	0.000000	0.000000	0.000000	0.000000	0.000000	-0.000000	-0.000000	0.000000	-0.000000	0.000000	0.000000	-0.000000	-0.000000	-0.000000	-0.000000	-0.000000	0.000000	-0.000000	0.000000	-0.000000	0.000000	0.000000	0.000000	0.000000	0.000000	0.000000	-0.000000	0.000000	0.000000	-0.000000	0.000000	-0.000000	0.000000	-0.000000	-0.000000	-0.000000	-0.000000	-0.000000	0.000000	-0.000000	-0.000000	0.000000	0.000000	-0.000000	0.000000	-0.000000	-0.000000	-0.000000	-0.000000	0.000000	-0.000000	0.000000	-0.000000	0.000000	-0.000000	0.000000	-0.000000	-0.000000	0.000000	0.000000	-0.000000	0.000000	
0.000000	0.000000	-0.000000	0.000000	0.000000	-0.000000	0.000000	0.000000	0.000000	-0.032700	-0.000000	0.000000	0.000000	0.000000	0.000000	-0.000000	0.000000	-0.000000	0.000000	-0.000000	0.000000	-0.000000	0.000000	-0.000000	0.000000	0.000000	-0.000000	0.000000	0.000000	0.000000	0.000000	-0.000000	-0.000000	-0.000000	0.000000	-0.000000	0.000000	-0.000000	0.000000	-0.000000	0.000000	0.000000	0.000000	-0.000000	-0.401700	0.000000	-0.060100	-0.000000	0.000000	0.000000	-0.000000	-0.000000	0.000000	0.349200	0.000000	-0.000000	0.000000	-0.000000	0.000000	0.275400	-0.000000	-0.000000	0.000000	0.000000	0.000000	-0.000000	0.000000	0.000000	-0.000000	0.000000	0.000000	0.000000	
0.000000	0.000000	0.000000	-0.000000	-0.000000	0.000000	-0.000000	0.000000	0.000000	-0.000000	-0.000000	-0.000000	0.000000	-0.000000	-0.000000	-0.000000	-0.000000	0.000000	0.000000	-0.000000	0.202400	-0.000000	0.000000	-0.000000	-0.000000	-0.185300	-0.251400	0.000000	-0.000000	0.000000	-0.000000	-0.000000	-0.000000	-0.000000	0.000000	0.000000	0.000000	0.000000	0.000000	-0.000000	0.000000	-0.000000	-0.000000	-0.000000	-0.000000	-0.000000	-0.000000	-0.000000	0.000000	0.000000	0.141400	-0.000000	0.348700	-0.000000	-0.000000	-0.000000	-0.000000	-0.000000	0.000000	0.000000	0.000000	0.000000	-0.000000	0.322900	0.212600	0.000000	-0.000000	-0.000000	-0.000000	0.000000	-0.000000	-0.000000	
0.000000	0.000000	-0.330900	-0.000000	-0.000000	-0.000000	0.000000	-0.000000	-0.000000	0.000000	0.000000	-0.000000	0.000000	0.000000	-0.000000	-0.000000	-0.000000	0.000000	0.000000	-0.000000	-0.000000	0.000000	0.000000	0.000000	0.000000	0.000000	-0.000000	0.000000	-0.000000	-0.000000	0.000000	0.000000	0.000000	0.000000	0.000000	-0.000000	0.000000	-0.000000	-0.000000	-0.000000	0.000000	0.000000	-0.000000	-0.428400	-0.084900	0.000000	0.000000	0.000000	-0.000000	0.000000	0.000000	-0.000000	-0.179700	-0.000000	0.000000	0.000000	0.000000	0.000000	-0.352400	-0.000000	0.000000	0.000000	-0.000000	-0.000000	-0.000000	0.000000	-0.000000	-0.000000	0.000000	-0.000000	-0.000000	-0.000000	
0.000000	-0.000000	-0.000000	0.000000	0.000000	-0.000000	0.000000	0.000000	0.000000	-0.000000	0.000000	0.000000	0.000000	0.000000	-0.000000	-0.000000	0.000000	-0.000000	0.000000	-0.000000	0.000000	-0.000000	-0.000000	0.000000	-0.000000	-0.000000	-0.000000	-0.000000	-0.000000	-0.000000	-0.000000	0.000000	0.000000	-0.000000	0.000000	0.000000	0.000000	-0.000000	-0.000000	-0.000000	0.000000	0.000000	-0.000000	-0.000000	-0.000000	-0.000000	0.000000	0.000000	0.000000	-0.000000	0.000000	-0.000000	0.000000	0.000000	0.000000	-0.000000	-0.000000	0.000000	-0.000000	-0.000000	0.000000	-0.000000	0.000000	-0.000000	0.000000	0.000000	-0.000000	-0.000000	0.020600	0.000000	-0.000000	-0.000000	
0.000000	-0.000000	-0.223900	-0.000000	-0.000000	0.000000	0.000000	0.000000	0.000000	0.000000	0.000000	-0.000000	-0.000000	-0.000000	-0.000000	-0.000000	-0.000000	-0.000000	-0.000000	-0.000000	0.433500	0.000000	0.000000	-0.000000	-0.000000	0.000000	0.000000	0.000000	-0.000000	0.000000	-0.000000	0.000000	0.000000	0.000000	0.000000	-0.000000	-0.000000	-0.000000	0.000000	0.000000	0.000000	-0.000000	0.000000	-0.000000	0.000000	0.000000	0.000000	0.000000	0.000000	0.000000	-0.000000	-0.000000	-0.000000	0.000000	0.000000	-0.000000	-0.000000	-0.000000	-0.000000	0.000000	-0.000000	0.000000	0.000000	-0.000000	-0.000000	0.000000	-0.000000	0.000000	0.000000	0.000000	-0.000000	-0.000000	
-0.000000	0.000000	0.000000	0.000000	-0.000000	-0.000000	-0.000000	0.000000	-0.066400	-0.000000	-0.000000	0.000000	-0.000000	0.000000	-0.000000	0.000000	0.000000	0.000000	-0.000000	-0.000000	-0.000000	-0.304600	0.000000	-0.000000	0.000000	0.000000	0.000000	-0.000000	0.000000	-0.000000	-0.000000	0.000000	0.000000	0.000000	-0.000000	-0.000000	0.000000	0.000000	0.000000	-0.000000	-0.000000	-0.000000	-0.000000	0.000000	-0.000000	0.000000	0.000000	0.000000	0.000000	0.000000	0.000000	-0.000000	0.000000	-0.000000	-0.000000	-0.000000	0.000000	0.000000	0.000000	-0.000000	0.000000	-0.000000	0.000000	-0.000000	0.000000	-0.000000	-0.000000	0.000000	0.000000	-0.000000	-0.008100	0.000000	
0.000000	0.000000	0.000000	0.000000	-0.000000	0.000000	-0.000000	-0.000000	-0.000000	-0.000000	0.000000	0.000000	0.000000	-0.000000	0.000000	-0.000000	-0.000000	0.000000	-0.000000	0.000000	-0.000000	-0.000000	0.000000	-0.000000	-0.000000	0.000000	0.000000	0.000000	0.000000	-0.000000	0.000000	0.000000	0.000000	0.000000	-0.000000	0.000000	0.000000	-0.000000	0.001900	0.000000	0.000000	-0.000000	-0.000000	0.000000	-0.000000	0.000000	-0.000000	-0.000000	0.000000	-0.000000	0.000000	-0.000000	-0.000000	0.000000	0.000000	-0.000000	-0.000000	-0.000000	-0.000000	0.000000	-0.000000	0.000000	-0.000000	-0.000000	-0.000000	-0.000000	0.000000	0.000000	-0.000000	-0.000000	-0.000000	-0.000000	
-0.000000	-0.123500	0.000000	-0.000000	0.000000	0.000000	-0.000000	0.000000	0.000000	0.000000	-0.000000	0.000000	0.000000	0.000000	-0.000000	-0.000000	0.000000	-0.000000	-0.000000	0.000000	0.000000	0.000000	-0.000000	0.000000	0.000000	0.000000	-0.000000	0.000000	0.408900	0.224200	0.000000	0.000000	0.000000	-0.000000	0.000000	-0.000000	0.000000	0.000000	-0.000000	0.000000	-0.000000	-0.000000	0.000000	-0.000000	0.000000	-0.000000	0.000000	-0.000000	-0.000000	-0.000000	0.000000	0.000000	0.000000	0.000000	-0.000000	-0.000000	-0.000000	0.000000	-0.000000	-0.000000	-0.000000	0.000000	0.000000	0.000000	0.000000	-0.000000	-0.000000	0.000000	0.000000	-0.000000	0.000000	-0.000000	
-0.000000	0.000000	0.000000	0.000000	0.000000	-0.000000	0.000000	0.000000	-0.000000	-0.000000	-0.488300	0.000000	0.000000	-0.180400	0.000000	-0.000000	0.000000	0.000000	-0.000000	0.000000	0.000000	-0.000000	-0.000000	0.000000	-0.000000	-0.000000	0.000000	0.000000	-0.000000	-0.000000	-0.000000	-0.000000	-0.000000	0.000000	0.000000	0.000000	-0.109500	-0.000000	-0.000000	-0.000000	-0.000000	-0.000000	0.000000	-0.000000	-0.000000	-0.000000	-0.000000	-0.108500	0.000000	0.000000	0.000000	0.000000	-0.000000	0.000000	0.000000	-0.000000	0.000000	-0.098900	0.000000	0.000000	0.000000	0.000000	0.000000	-0.000000	0.000000	-0.000000	0.000000	0.000000	-0.000000	0.000000	0.000000	0.000000	
-0.000000	0.000000	-0.000000	0.000000	0.000000	0.000000	-0.000000	0.000000	-0.000000	0.000000	0.000000	0.000000	-0.000000	0.000000	-0.208100	0.000000	-0.000000	0.000000	-0.000000	0.000000	-0.000000	0.000000	0.000000	-0.000000	0.000000	-0.000000	0.000000	0.000000	-0.000000	0.000000	-0.000000	0.000000	-0.000000	-0.000000	0.000000	0.000000	0.000000	0.000000	-0.000000	-0.000000	-0.000000	0.000000	-0.000000	-0.000000	-0.000000	-0.000000	-0.000000	-0.000000	-0.000000	0.000000	0.000000	-0.000000	-0.000000	-0.000000	-0.000000	0.000000	0.000000	0.000000	-0.000000	-0.000000	-0.000000	0.000000	0.000000	0.000000	-0.000000	0.000000	-0.000000	0.000000	-0.000000	-0.000000	0.000000	-0.000000	
-0.000000	0.000000	-0.000000	-0.000000	-0.000000	0.000000	-0.000000	-0.000000	-0.000000	0.000000	-0.000000	-0.000000	-0.000000	0.000000	0.000000	-0.000000	-0.000000	-0.000000	-0.000000	-0.000000	-0.000000	-0.000000	-0.000000	-0.000000	0.000000	-0.000000	0.000000	-0.000000	-0.000000	-0.000000	-0.000000	-0.325000	0.000000	0.000000	-0.000000	0.000000	-0.479700	-0.000000	0.287000	-0.000000	-0.000000	-0.000000	0.000000	-0.000000	0.000000	-0.000000	-0.000000	-0.000000	-0.000000	-0.000000	-0.000000	-0.000000	0.000000	0.000000	-0.000000	-0.000000	0.000000	-0.000000	0.000000	-0.000000	-0.000000	0.000000	-0.000000	0.000000	0.000000	0.000000	0.000000	0.000000	0.000000	-0.000000	0.000000	-0.000000	
-0.000000	-0.000000	0.000000	-0.000000	-0.000000	-0.000000	0.000000	0.000000	0.000000	0.186900	-0.000000	-0.000000	-0.000000	-0.000000	0.000000	0.000000	0.000000	0.000000	0.000000	0.000000	0.000000	-0.000000	-0.000000	-0.000000	0.000000	0.000000	-0.000000	-0.000000	0.408600	-0.000000	-0.000000	-0.000000	0.000000	0.000000	-0.000000	-0.000000	-0.000000	0.000000	0.000000	0.000000	-0.000000	0.000000	0.000000	-0.000000	-0.000000	0.000000	0.000000	-0.000000	0.000000	-0.000000	0.000000	-0.000000	0.000000	-0.000000	0.000000	-0.000000	-0.000000	-0.000000	-0.000000	0.000000	0.000000	0.000000	-0.000000	-0.000000	-0.000000	0.000000	-0.000000	0.000000	-0.000000	-0.000000	0.000000	-0.000000	
0.000000	0.000000	-0.000000	0.000000	0.378100	-0.000000	0.000000	-0.000000	0.000000	0.000000	-0.000000	0.000000	0.000000	0.000000	-0.000000	0.000000	-0.000000	0.000000	0.000000	-0.000000	-0.000000	-0.000000	-0.000000	-0.000000	0.000000	-0.000000	-0.000000	-0.000000	-0.000000	0.000000	0.000000	-0.000000	-0.000000	0.000000	0.000000	-0.000000	0.000000	-0.000000	0.000000	0.000000	-0.000000	0.000000	0.000000	0.000000	-0.000000	-0.000000	0.000000	0.000000	-0.000000	0.000000	-0.000000	-0.000000	0.000000	-0.000000	0.000000	0.000000	0.000000	-0.000000	0.000000	-0.000000	0.000000	-0.000000	0.000000	-0.000000	-0.000000	-0.312100	-0.000000	0.000000	-0.000000	-0.000000	-0.000000	-0.000000	
0.000000	0.000000	0.000000	-0.000000	-0.112700	-0.000000	0.000000	0.000000	0.000000	0.000000	-0.000000	0.000000	0.000000	-0.000000	-0.000000	0.000000	0.000000	0.000000	-0.000000	-0.000000	0.000000	0.000000	0.000000	0.000000	0.000000	-0.000000	-0.000000	0.000000	0.000000	-0.000000	0.000000	-0.000000	0.000000	-0.000000	-0.000000	0.000000	-0.000000	-0.000000	0.000000	0.000000	0.000000	0.000000	-0.000000	-0.000000	0.000000	-0.000000	0.000000	-0.000000	-0.000000	0.000000	0.000000	0.000000	-0.000000	-0.000000	-0.000000	0.000000	0.000000	-0.237900	0.000000	0.000000	-0.000000	0.000000	0.000000	0.000000	-0.000000	0.000000	-0.000000	0.000000	-0.184300	0.000000	-0.000000	-0.000000	
-0.000000	-0.000000	-0.000000	0.000000	-0.000000	0.000000	-0.000000	0.000000	-0.000000	0.000000	-0.000000	-0.000000	0.000000	0.000000	-0.000000	0.000000	0.000000	0.000000	0.000000	0.000000	-0.000000	-0.000000	0.000000	-0.000000	0.193200	0.000000	0.000000	-0.000000	-0.000000	0.000000	0.000000	-0.000000	0.000000	0.000000	-0.000000	-0.000000	-0.000000	-0.000000	0.000000	-0.000000	0.000000	-0.000000	-0.000000	-0.000000	0.000000	0.000000	0.000000	0.000000	-0.000000	0.000000	-0.000000	-0.000000	0.000000	-0.000000	0.000000	0.000000	-0.000000	-0.000000	0.000000	-0.000000	0.000000	0.000000	0.000000	0.000000	0.000000	0.000000	0.000000	-0.000000	0.000000	-0.000000	0.000000	0.000000	
-0.000000	0.000000	0.000000	-0.000000	-0.000000	-0.000000	0.000000	-0.000000	-0.000000	-0.361800	0.000000	-0.000000	0.000000	-0.000000	0.000000	-0.000000	-0.000000	-0.000000	-0.039500	0.000000	0.000000	0.000000	-0.000000	-0.000000	-0.000000	0.000000	-0.000000	0.000000	-0.000000	0.000000	-0.000000	-0.000000	0.000000	-0.000000	-0.000000	0.000000	0.000000	0.000000	-0.000000	-0.000000	0.000000	0.000000	-0.000000	0.000000	0.000000	0.000000	-0.000000	0.000000	-0.000000	-0.000000	-0.000000	0.000000	-0.000000	-0.000000	0.000000	-0.000000	0.000500	0.000000	-0.000000	0.000000	0.000000	0.000000	0.000000	0.000000	-0.000000	-0.000000	0.000000	-0.000000	0.000000	0.000000	0.000000	-0.000000	
0.000000	-0.000000	-0.000000	-0.000000	0.000000	-0.000000	0.000000	0.000000	0.000000	0.021600	-0.000000	0.000000	-0.000000	0.000000	0.000000	0.000000	0.000000	0.000000	-0.000000	0.000000	0.000000	-0.000000	0.000000	0.000000	-0.000000	0.000000	0.000000	-0.000000	-0.000000	0.205200	-0.000000	0.000000	0.000000	-0.000000	-0.000000	-0.000000	0.000000	0.000000	0.000000	0.000000	0.000000	-0.000000	-0.000000	-0.000000	0.000000	0.000000	0.000000	-0.000000	0.000000	-0.000000	-0.000000	0.000000	0.000000	-0.000000	-0.000000	-0.000000	-0.000000	0.000000	-0.000000	-0.000000	0.000000	-0.000000	-0.000000	-0.000000	-0.000000	-0.000000	0.000000	0.000000	-0.000000	0.000000	-0.000000	-0.000000	
-0.000000	0.000000	-0.000000	-0.000000	-0.000000	-0.000000	-0.000000	0.000000	0.000000	-0.000000	0.000000	-0.000000	-0.000000	0.000000	0.000000	0.000000	0.000000	0.000000	0.000000	-0.000000	-0.000000	0.000000	-0.000000	0.000000	0.000000	0.000000	0.000000	-0.000000	-0.000000	0.000000	-0.000000	-0.000000	-0.000000	-0.000000	-0.000000	-0.000000	0.000000	-0.000000	0.000000	0.000000	-0.000000	-0.000000	-0.000000	0.000000	0.000000	-0.000000	0.000000	-0.000000	-0.000000	0.000000	-0.000000	0.000000	0.267000	0.000000	0.000000	-0.000000	-0.000000	0.000000	-0.000000	0.000000	0.000000	0.000000	-0.000000	0.000000	-0.000000	-0.000000	0.000000	-0.000000	-0.000000	-0.000000	-0.000000	0.000000	
-0.000000	0.000000	0.000000	-0.000000	-0.000000	-0.000000	-0.000000	-0.000000	0.000000	0.000000	0.000000	-0.000000	0.000000	0.000000	-0.000000	0.000000	0.000000	0.000000	0.000000	0.000000	0.000000	0.000000	-0.000000	-0.000000	0.000000	0.000000	0.000000	-0.000000	-0.000000	-0.000000	0.000000	-0.000000	-0.000000	0.000000	0.000000	0.000000	-0.000000	0.000000	0.000000	0.000000	0.000000	0.000000	-0.000000	0.000000	-0.000000	0.000000	0.000000	-0.000000	-0.000000	0.000000	0.000000	0.000000	0.000000	0.000000	0.000000	-0.000000	0.000000	0.000000	-0.000000	0.000000	0.000000	0.000000	-0.000000	-0.000000	0.000000	-0.000000	-0.000000	-0.000000	0.000000	0.000000	-0.000000	0.000000	
-0.000000	-0.000000	-0.000000	0.000000	0.000000	-0.000000	-0.000000	0.000000	-0.000000	-0.000000	-0.000000	0.000000	0.000000	0.000000	-0.000000	0.000000	-0.000000	0.000000	-0.000000	0.000000	0.000000	-0.000000	-0.493600	-0.000000	-0.000000	0.000000	-0.000000	0.000000	0.000000	-0.000000	-0.000000	-0.000000	-0.000000	-0.000000	-0.000000	0.000000	0.000000	0.000000	-0.000000	0.000000	0.000000	0.000000	-0.000000	-0.000000	-0.000000	0.000000	0.000000	0.000000	0.000000	0.000000	-0.000000	0.000000	0.000000	-0.000000	0.000000	0.000000	0.000000	0.000000	0.000000	-0.000000	0.000000	0.000000	0.000000	0.000000	-0.000000	-0.000000	-0.000000	0.000000	0.000000	0.000000	-0.000000	-0.000000	
0.000000	0.000000	-0.000000	0.000000	-0.000000	-0.000000	-0.000000	0.000000	0.000000	-0.000000	-0.000000	-0.000000	0.000000	0.000000	0.000000	0.000000	-0.000000	0.000000	0.000000	0.000000	-0.000000	0.000000	0.000000	-0.000000	0.000000	0.000000	0.000000	-0.000000	-0.000000	-0.000000	-0.000000	0.000000	0.000000	0.000000	0.000000	-0.000000	-0.000000	0.000000	0.000000	0.000000	-0.000000	0.000000	0.000000	0.000000	-0.000000	0.000000	0.000000	0.000000	0.000000	-0.000000	-0.000000	0.000000	-0.000000	-0.000000	0.000000	-0.000000	-0.000000	0.000000	-0.000000	-0.000000	-0.000000	0.000000	-0.000000	0.000000	-0.000000	-0.000000	0.000000	-0.000000	-0.000000	-0.000000	-0.000000	0.000000	
0.000000	0.000000	0.000000	-0.000000	-0.000000	0.000000	0.000000	0.000000	0.000000	0.000000	-0.000000	-0.000000	-0.000000	-0.000000	0.000000	0.000000	0.000000	-0.000000	0.000000	0.000000	-0.000000	-0.000000	-0.000000	0.000000	-0.000000	0.000000	-0.000000	0.000000	0.000000	0.000000	0.000000	-0.000000	-0.000000	0.000000	-0.000000	-0.000000	-0.000000	0.000000	0.000000	-0.000000	0.000000	0.000000	0.000000	-0.000000	0.000000	-0.000000	0.000000	0.000000	0.000000	0.000000	0.000000	0.000000	-0.000000	-0.000000	-0.000000	0.000000	0.000000	0.000000	-0.000000	-0.000000	-0.000000	0.000000	-0.000000	-0.000000	0.000000	-0.000000	0.000000	-0.000000	0.000000	-0.000000	0.000000	-0.000000	
-0.000000	0.000000	0.000000	0.000000	0.000000	0.000000	0.403900	-0.000000	0.000000	-0.000000	0.000000	0.000000	-0.000000	0.000000	-0.235300	0.000000	-0.000000	-0.000000	0.000000	0.000000	0.000000	0.000000	0.000000	-0.000000	0.000000	0.000000	-0.000000	-0.000000	-0.000000	0.350800	-0.000000	-0.000000	-0.000000	0.000000	-0.000000	0.000000	0.000000	0.000000	0.000000	0.000000	-0.000000	-0.000000	0.000000	-0.000000	-0.305800	-0.000000	0.000000	-0.000000	-0.000000	-0.000000	0.000000	0.000000	0.000000	0.000000	-0.000000	-0.130600	0.000000	0.000000	-0.000000	-0.000000	0.000000	-0.000000	-0.000000	-0.000000	0.000000	-0.000000	0.000000	-0.000000	-0.000000	0.000000	0.000000	0.000000	
0.144900	-0.000000	0.000000	-0.000000	-0.000000	-0.000000	0.000000	0.000000	-0.000000	-0.000000	0.000000	0.000000	0.000000	0.051600	0.000000	0.000000	-0.000000	0.000000	0.000000	0.000000	0.000000	-0.000000	0.312400	-0.000000	-0.000000	-0.000000	0.000000	0.000000	0.328300	-0.000000	-0.000000	-0.000000	-0.325300	-0.000000	0.000000	-0.000000	-0.000000	-0.151200	0.000000	-0.000000	0.000000	0.000000	-0.000000	-0.000000	-0.000000	-0.000000	0.000000	-0.000000	0.000000	-0.000000	-0.000000	-0.000000	-0.000000	0.000000	-0.000000	0.000000	0.388000	-0.000000	0.000000	0.000000	-0.000000	0.000000	0.000000	-0.000000	0.000000	-0.000000	-0.000000	0.000000	-0.000000	-0.000000	0.000000	0.000000	
0.000000	-0.000000	0.000000	-0.000000	0.000000	-0.000000	-0.000000	-0.000000	-0.000000	0.000000	-0.000000	0.000000	-0.000000	0.000000	0.000000	-0.000000	-0.000000	0.000000	0.000000	0.000000	0.000000	0.464000	0.000000	-0.000000	-0.000000	0.000000	0.000000	-0.000000	0.000000	-0.000000	0.000000	0.000000	0.000000	-0.000000	-0.000000	-0.000000	-0.444600	-0.000000	-0.000000	-0.000000	-0.000000	0.000000	0.000000	-0.000000	0.000000	-0.000000	0.000000	0.000000	-0.000000	0.000000	-0.000000	0.000000	-0.000000	-0.000000	0.000000	-0.000000	0.000000	0.000000	0.000000	0.000000	-0.000000	0.000000	-0.000000	-0.000000	0.000000	-0.000000	-0.000000	0.319500	-0.000000	0.000000	0.000000	0.000000	
0.000000	-0.000000	-0.000000	-0.000000	0.000000	-0.000000	0.000000	-0.000000	0.000000	0.000000	0.000000	-0.000000	0.000000	0.000000	-0.000000	-0.000000	0.000000	0.000000	-0.000000	0.000000	-0.000000	0.000000	0.000000	0.000000	-0.000000	-0.000000	-0.000000	-0.000000	-0.000000	-0.000000	-0.000000	-0.000000	0.000000	0.000000	-0.000000	0.000000	-0.000000	0.000000	0.329100	0.000000	-0.000000	-0.000000	0.000000	0.000000	-0.000000	0.000000	0.000000	-0.000000	-0.000000	-0.000000	0.000000	-0.000000	0.455700	-0.000000	0.000000	0.000000	-0.000000	-0.000000	0.000000	0.000000	-0.000000	-0.000000	0.000000	0.000000	-0.000000	0.000000	-0.000000	-0.000000	-0.000000	-0.000000	0.000000	-0.000000	
-0.000000	-0.000000	-0.117100	-0.000000	-0.000000	0.000000	0.000000	0.000000	-0.000000	-0.000000	0.000000	0.000000	-0.000000	0.000000	-0.000000	0.000000	0.000000	0.000000	-0.000000	0.000000	0.000000	0.000000	0.000000	0.000000	-0.000000	-0.000000	-0.000000	0.000000	-0.000000	-0.000000	-0.000000	-0.000000	-0.000000	0.000000	-0.000000	-0.000000	-0.000000	-0.000000	0.000000	-0.000000	0.000000	-0.000000	-0.000000	-0.205000	0.000000	0.000000	0.000000	0.000000	-0.000000	-0.000000	-0.000000	-0.000000	0.158100	0.000000	-0.000000	-0.000000	0.000000	0.000000	-0.000000	0.000000	0.000000	0.000000	-0.000000	0.000000	-0.000000	0.000000	0.000000	-0.000000	-0.000000	-0.000000	-0.000000	-0.000000	

-0.000000	-0.000000	
0.402400	-0.000000	
-0.000000	-0.000000	
-0.000000	-0.000000	
0.000000	-0.000000	
0.000000	0.000000	
0.000000	0.000000	
0.000000	0.000000	
0.000000	-0.313100	
-0.000000	0.000000	
-0.000000	0.000000	
0.000000	-0.000000	
0.000000	-0.000000	
-0.000000	0.000000	
-0.000000	-0.000000	
-0.000000	-0.000000	
-0.000000	0.000000	
0.000000	0.000000	
-0.000000	0.000000	
-0.000000	0.000000	
0.000000	-0.000000	
-0.000000	-0.000000	
0.000000	-0.000000	
0.488000	0.000000	
0.000000	0.000000	
-0.000000	0.000000	
-0.000000	-0.000000	
0.000000	0.000000	
0.000000	0.000000	
-0.000000	0.000000	
0.000000	-0.000000	
-0.000000	0.444800	
0.000000	-0.000000	
0.000000	-0.000000	
-0.000000	0.000000	
0.000000	-0.000000	
-0.021300	0.000000	
-0.000000	-0.000000	
-0.000000	0.000000	
-0.000000	-0.000000	
0.000000	0.000000	
0.000000	0.000000	
-0.000000	-0.000000	
-0.000000	-0.000000	
-0.000000	0.000000	
0.000000	0.000000	
0.000000	0.000000	
0.000000	-0.000000	
0.000000	-0.000000	
-0.000000	-0.000000	
-0.000000	-0.000000	
-0.000000	0.000000	
0.000000	0.000000	
0.000000	-0.000000	
-0.000000	-0.000000	
-0.000000	-0.000000	
0.000000	0.273300	
0.000000	0.000000	
0.000000	-0.000000	
0.000000	-0.000000	
0.000000	-0.000000	
0.000000	0.000000	
0.000000	-0.000000	
-0.000000	0.000000	
-0.000000	0.000000	
0.000000	0.000000	
0.000000	-0.000000	
0.000000	-0.000000	
-0.000000	-0.000000	
0.000000	0.213900	
-0.000000	0.000000	
-0.000000	0.000000	

## BIASES:
-0.000000	-0.000000	-0.000000	0.000000	-0.000000	-0.000000	0.000000	-0.000000	0.000000	0.000000	-0.000000	-0.000000	-0.000000	0.000000	-0.000000	-0.389500	0.000000	0.000000	0.000000	-0.000000	-0.000000	0.000000	0.000000	0.000000	0.287000	-0.000000	0.000000	0.000000	-0.000000	-0.000000	-0.000000	0.000000	-0.000000	0.000000	-0.000000	-0.000000	0.000000	0.000000	-0.000000	-0.000000	-0.000000	-0.000000	0.000000	-0.000000	-0.499800	-0.000000	-0.000000	-0.000000	0.000000	0.000000	0.000000	0.239700	0.445400	-0.000000	0.000000	-0.000000	-0.000000	-0.000000	-0.000000	0.000000	-0.000000	0.000000	0.000000	-0.000000	0.000000	-0.000000	0.000000	-0.000000	0.000000	-0.000000	-0.000000	-0.000000	

0.000000	-0.000000	

