36:2:72:1

## LAYERS:
-0.000000	0.503000	35.000000	0.000000	0.000000	0.000000	0.000000	0.000000	0.000000	0.000000	0.000000	0.000000	0.000000	0.000000	0.000000	0.000000	0.000000	0.000000	0.017110	0.018339	0.019834	0.021096	0.022326	0.023821	0.025249	0.027575	0.029568	0.031894	0.000000	0.035216	0.037209	0.039203	0.041030	0.043522	0.045847	0.000000	

-0.000000	-0.000000	-0.000000	-0.000000	0.000000	-0.000000	-0.000000	0.000000	0.000000	0.000000	-0.000000	-0.000000	-0.000000	-0.000000	0.000000	-0.000000	-0.000000	0.000000	0.000000	-0.000000	0.000000	-0.000000	-0.000000	-0.000000	-0.000000	0.000000	-0.000000	-0.000000	0.000000	0.000000	0.000000	0.000000	0.000000	0.000000	0.000000	0.000000	0.000000	-0.000000	0.000000	-0.000000	0.000000	0.000000	0.000000	0.000000	-0.000000	0.000000	0.000000	-0.000000	0.000000	0.000000	-0.000000	-0.000000	0.000000	0.000000	-0.000000	0.000000	-0.000000	-0.000000	0.000000	0.000000	-0.000000	0.000000	-0.000000	0.000000	0.000000	-0.000000	0.000000	-0.000000	0.000000	-0.000000	-0.000000	0.000000	

0.697551	0.519304	

## WEIGHTS:
0.000000	0.000000	0.000000	-0.000000	0.000000	-0.000000	0.000000	0.000000	-0.000000	0.000000	0.000000	0.000000	0.000000	0.000000	0.000000	-0.000000	-0.000000	0.000000	-0.000000	-0.000000	-0.000000	0.000000	0.000000	-0.000000	-0.000000	0.000000	0.000000	0.000000	0.000000	0.000000	-0.000000	-0.336800	0.000000	0.000000	-0.000000	-0.000000	0.000000	0.000000	-0.098200	-0.000000	-0.000000	0.000000	0.000000	0.000000	-0.000000	0.000000	0.000000	-0.000000	0.000000	-0.000000	0.000000	0.000000	0.000000	0.000000	-0.000000	0.000000	-0.000000	-0.000000	0.000000	0.000000	-0.000000	-0.000000	0.498700	0.000000	-0.000000	-0.000000	-0.000000	-0.000000	0.000000	0.000000	-0.000000	0.000000	
-0.000000	0.000000	0.000000	0.000000	-0.000000	-0.000000	0.000000	-0.000000	-0.000000	0.000000	0.000000	0.000000	-0.000000	0.000000	0.000000	0.000000	-0.000000	0.000000	0.000000	0.402200	-0.000000	0.019200	-0.000000	0.000000	-0.000000	0.000000	0.000000	0.000000	-0.000000	0.000000	-0.000000	0.372700	-0.000000	0.000000	-0.000000	-0.000000	-0.000000	0.000000	-0.000000	0.000000	0.000000	-0.000000	-0.000000	0.000000	0.000000	0.000000	0.000000	0.000000	-0.000000	0.000000	-0.000000	-0.000000	0.434200	-0.000000	0.000000	-0.000000	-0.000000	-0.000000	-0.000000	-0.000000	0.000000	0.000000	-0.000000	0.000000	-0.000000	-0.000000	0.000000	0.000000	-0.000000	-0.000000	-0.000000	-0.000000	
-0.000000	-0.000000	-0.000000	-0.000000	0.000000	0.000000	0.000000	0.302000	-0.000000	0.000000	0.000000	-0.000000	-0.000000	-0.000000	-0.000000	0.476300	0.000000	-0.000000	-0.000000	-0.000000	0.000000	-0.000000	-0.000000	-0.000000	-0.274300	-0.000000	-0.000000	-0.000000	-0.000000	-0.000000	0.000000	0.000000	-0.011200	0.000000	0.000000	0.000000	-0.000000	-0.000000	0.000000	-0.000000	0.000000	-0.000000	-0.000000	-0.000000	0.080600	-0.000000	0.000000	0.000000	-0.000000	0.000000	-0.000000	0.000000	0.000000	0.000000	-0.000000	-0.412000	0.000000	-0.000000	-0.000000	-0.000000	-0.000000	0.000000	0.000000	0.000000	-0.000000	-0.000000	-0.000000	-0.000000	-0.000000	0.000000	-0.000000	0.000000	
0.000000	0.000000	0.000000	-0.478700	0.000000	0.000000	0.000000	0.000000	-0.000000	0.000000	0.000000	0.000000	-0.000000	0.000000	-0.000000	-0.000000	0.000000	-0.000000	0.000000	0.000000	0.000000	0.000000	-0.000000	-0.000000	0.000000	-0.000000	0.000000	0.000000	0.000000	0.000000	-0.000000	-0.000000	-0.000000	0.000000	0.000000	0.248500	0.000000	0.000000	0.000000	0.000000	0.000000	-0.000000	-0.000000	-0.000000	0.000000	0.000000	0.000000	0.000000	0.000000	-0.000000	0.000000	-0.000000	-0.000000	-0.000000	-0.000000	0.000000	0.000000	-0.000000	-0.000000	-0.000000	0.000000	-0.000000	0.000000	-0.000000	-0.460300	0.000000	-0.000000	0.000000	-0.000000	0.000000	-0.000000	-0.000000	
0.000000	0.000000	-0.000000	-0.164500	-0.000000	0.000000	0.000000	0.000000	0.000000	-0.000000	0.000000	0.000000	-0.000000	-0.000000	0.270600	-0.000000	-0.000000	0.000000	-0.000000	-0.000000	-0.000000	0.000000	0.000000	0.000000	0.000000	0.000000	-0.000000	-0.000000	-0.000000	0.000000	-0.000000	0.000000	-0.000000	0.000000	-0.000000	0.483200	-0.000000	0.000000	0.000000	-0.000000	-0.000000	-0.468600	0.000000	-0.000000	-0.000000	-0.000000	0.000000	0.000000	-0.000000	0.000000	-0.000000	0.000000	-0.000000	0.000000	0.000000	-0.000000	0.000000	0.000000	-0.000000	0.000000	-0.000000	-0.000000	-0.000000	-0.000000	-0.000000	-0.289500	-0.000000	-0.000000	0.000000	-0.000000	-0.000000	0.000000	
-0.000000	-0.000000	0.000000	-0.000000	-0.312600	0.000000	-0.000000	-0.000000	-0.000000	0.000000	0.477800	0.000000	0.000000	-0.000000	0.000000	0.000000	-0.000000	0.000000	0.000000	-0.047300	0.000000	0.000000	-0.000000	0.000000	0.000000	0.000000	0.000000	0.000000	-0.000000	0.000000	-0.000000	-0.000000	-0.000000	0.000000	0.000000	0.000000	-0.000000	-0.000000	0.000000	-0.000000	-0.000000	0.193900	-0.000000	0.042200	-0.000000	0.007000	0.000000	-0.000000	-0.000000	0.000000	-0.000000	0.000000	0.000000	0.000000	-0.000000	-0.000000	0.000000	0.000000	0.000000	0.000000	-0.000000	0.000000	0.000000	0.000000	-0.000000	-0.000000	-0.000000	-0.000000	-0.000000	-0.000000	0.000000	-0.000000	
0.000000	0.000000	0.000000	-0.000000	-0.000000	-0.000000	0.000000	-0.000000	-0.000000	-0.000000	0.000000	-0.000000	-0.000000	0.000000	-0.000000	-0.000000	-0.000000	0.287600	0.000000	-0.000000	-0.000000	-0.000000	-0.482700	-0.000000	-0.000000	-0.000000	0.077300	-0.000000	0.000000	0.000000	-0.000000	-0.000000	-0.000000	0.000000	0.000000	-0.100500	0.000000	0.000000	-0.000000	-0.000000	-0.000000	0.000000	0.000000	0.000000	-0.000000	0.000000	-0.000000	0.000000	-0.000000	0.000000	0.000000	-0.000000	0.000000	-0.000000	-0.000000	0.000000	-0.000000	0.000000	0.000000	-0.000000	-0.000000	-0.000000	0.000000	0.000000	0.000000	0.000000	0.000000	-0.000000	0.000000	0.000000	-0.000000	0.000000	
-0.000000	0.000000	0.000000	-0.000000	-0.000000	0.000000	0.000000	-0.000000	0.000000	0.000000	-0.000000	-0.000000	-0.000000	-0.000000	0.000000	-0.000000	0.000000	0.000000	-0.000000	0.000000	0.000000	-0.000000	0.000000	0.000000	0.000000	-0.000000	-0.000000	0.000000	0.000000	0.000000	-0.000000	0.000000	-0.000000	-0.000000	-0.000000	0.000000	-0.000000	-0.000000	0.000000	-0.000000	-0.455900	0.000000	-0.000000	0.000000	-0.000000	0.000000	0.315200	-0.000000	-0.000000	0.000000	-0.000000	0.000000	0.000000	0.157300	0.000000	-0.000000	0.000000	0.000000	0.000000	-0.000000	0.000000	0.000000	0.000000	-0.000000	-0.000000	0.000000	-0.000000	0.000000	-0.000000	0.000000	0.029100	0.000000	
-0.000000	0.000000	-0.000000	-0.000000	-0.000000	0.000000	-0.000000	-0.000000	-0.000000	0.000000	0.000000	0.000000	0.000000	0.000000	0.000000	-0.000000	-0.000000	0.000000	-0.000000	0.000000	0.000000	-0.000000	-0.000000	-0.000000	-0.000000	-0.000000	0.000000	-0.000000	0.000000	-0.000000	0.000000	0.000000	0.000000	0.000000	0.000000	0.000000	-0.000000	0.000000	0.000000	-0.000000	0.000000	-0.000000	0.000000	-0.000000	-0.000000	-0.000000	-0.000000	-0.000000	0.000000	-0.000000	-0.000000	0.000000	0.000000	-0.000000	0.000000	-0.000000	-0.000000	-0.000000	-0.000000	0.000000	-0.000000	0.000000	-0.000000	0.000000	-0.000000	0.000000	-0.000000	-0.000000	0.000000	0.000000	-0.000000	0.000000	
0.000000	0.000000	-0.000000	0.000000	0.000000	-0.000000	0.000000	0.000000	0.000000	-0.032700	-0.000000	0.000000	0.000000	0.000000	0.000000	-0.000000	0.000000	-0.000000	0.000000	-0.000000	0.000000	-0.000000	0.000000	-0.000000	0.000000	0.000000	-0.000000	0.000000	0.000000	0.000000	0.000000	-0.000000	-0.000000	-0.000000	0.000000	-0.000000	0.000000	-0.000000	0.000000	-0.000000	0.000000	0.000000	0.000000	-0.000000	-0.000000	0.000000	-0.060100	-0.000000	0.000000	0.000000	-0.000000	-0.000000	0.003300	0.000000	0.000000	-0.000000	0.000000	-0.000000	0.000000	0.000000	-0.000000	-0.000000	0.000000	0.000000	0.000000	-0.000000	0.000000	0.000000	-0.000000	0.000000	0.000000	0.000000	
0.000000	0.000000	0.000000	-0.000000	-0.000000	0.000000	-0.000000	0.000000	0.000000	-0.000000	-0.000000	-0.000000	0.000000	-0.000000	-0.000000	-0.000000	-0.000000	0.000000	0.000000	-0.000000	0.000000	-0.000000	0.000000	-0.000000	-0.000000	-0.185300	-0.251400	0.000000	-0.000000	0.000000	-0.000000	-0.000000	-0.000000	-0.000000	0.000000	0.000000	0.000000	0.000000	0.000000	-0.000000	0.000000	-0.000000	-0.000000	-0.000000	-0.000000	-0.000000	-0.000000	-0.000000	0.000000	0.000000	0.141400	-0.000000	0.348700	-0.000000	-0.000000	-0.000000	-0.000000	-0.000000	0.000000	0.000000	0.000000	0.193000	-0.000000	0.000000	0.000000	0.000000	-0.000000	-0.000000	-0.000000	0.000000	-0.000000	-0.000000	
0.000000	0.000000	-0.000000	-0.000000	-0.000000	-0.000000	0.000000	-0.000000	-0.000000	0.000000	0.000000	-0.000000	0.000000	0.000000	-0.000000	-0.000000	-0.000000	0.000000	0.000000	-0.000000	-0.000000	0.000000	0.000000	0.000000	0.000000	0.000000	-0.000000	0.000000	-0.000000	-0.000000	0.000000	0.000000	0.000000	0.000000	0.000000	-0.000000	0.000000	-0.000000	-0.000000	-0.000000	0.000000	0.000000	-0.000000	-0.428400	-0.084900	0.000000	0.447700	0.000000	-0.000000	0.000000	0.000000	-0.000000	-0.000000	-0.000000	0.000000	0.000000	0.000000	0.000000	-0.000000	-0.000000	0.000000	0.000000	-0.000000	-0.469300	-0.000000	0.000000	-0.000000	-0.000000	0.000000	-0.000000	-0.000000	-0.000000	
0.000000	-0.000000	-0.000000	0.000000	0.000000	-0.000000	0.000000	0.000000	0.000000	-0.000000	0.000000	0.000000	0.000000	0.000000	-0.000000	-0.000000	0.000000	-0.000000	0.000000	-0.000000	0.000000	-0.000000	-0.000000	0.000000	-0.000000	-0.000000	-0.464700	-0.000000	-0.000000	-0.000000	-0.000000	0.000000	0.000000	-0.000000	0.299100	0.000000	0.000000	-0.000000	-0.000000	-0.000000	0.000000	0.000000	-0.000000	-0.000000	-0.000000	-0.000000	0.000000	0.000000	0.049800	-0.000000	0.000000	-0.000000	0.000000	0.000000	0.000000	-0.000000	-0.000000	0.000000	-0.000000	-0.000000	0.000000	-0.000000	0.000000	-0.000000	0.000000	0.000000	-0.000000	-0.000000	0.000000	0.000000	-0.000000	-0.000000	
0.000000	-0.000000	-0.000000	-0.000000	-0.000000	0.233000	0.000000	0.000000	0.000000	0.000000	0.000000	-0.214200	-0.000000	-0.000000	-0.000000	-0.000000	-0.000000	-0.000000	-0.000000	-0.022800	0.000000	0.000000	0.000000	-0.000000	-0.000000	0.000000	0.000000	0.000000	-0.000000	0.000000	-0.000000	0.000000	0.000000	0.000000	0.000000	-0.000000	-0.000000	-0.000000	0.000000	0.000000	0.000000	-0.000000	0.000000	-0.000000	0.000000	0.000000	0.000000	0.000000	0.000000	0.000000	-0.000000	-0.000000	-0.000000	0.000000	0.000000	-0.000000	-0.000000	-0.000000	-0.000000	0.000000	-0.000000	0.000000	0.000000	-0.000000	-0.000000	0.032800	-0.000000	0.000000	0.000000	0.000000	-0.000000	-0.000000	
-0.000000	0.000000	0.000000	0.277200	-0.000000	-0.000000	-0.000000	0.000000	-0.000000	-0.000000	-0.000000	0.000000	-0.000000	0.000000	-0.000000	0.000000	0.000000	0.000000	-0.000000	-0.000000	-0.000000	-0.000000	0.000000	-0.000000	0.000000	0.000000	0.000000	-0.000000	0.000000	-0.000000	-0.000000	0.000000	0.000000	0.000000	-0.000000	-0.000000	0.000000	0.000000	0.000000	-0.000000	-0.000000	-0.000000	-0.000000	0.000000	-0.000000	0.000000	0.000000	0.000000	0.000000	0.000000	0.000000	-0.000000	0.000000	-0.000000	-0.000000	-0.000000	0.000000	0.000000	0.000000	-0.000000	0.000000	-0.000000	0.000000	-0.000000	0.000000	-0.294900	-0.000000	0.000000	0.000000	-0.000000	-0.000000	0.000000	
0.000000	0.000000	0.000000	0.000000	-0.000000	0.000000	-0.000000	-0.000000	-0.000000	-0.000000	0.000000	0.000000	0.000000	-0.000000	0.000000	-0.000000	-0.000000	0.000000	-0.000000	0.000000	-0.000000	-0.000000	0.000000	-0.000000	-0.000000	0.000000	0.000000	0.000000	0.000000	-0.000000	0.000000	0.000000	0.000000	0.000000	-0.000000	0.000000	0.000000	-0.000000	0.000000	0.000000	0.000000	-0.000000	-0.000000	0.000000	-0.000000	0.000000	-0.000000	-0.000000	0.000000	-0.427200	0.000000	-0.000000	-0.000000	0.000000	0.000000	-0.000000	-0.000000	-0.000000	-0.000000	0.000000	-0.000000	0.000000	-0.000000	-0.000000	-0.000000	-0.000000	0.000000	0.000000	-0.000000	-0.000000	-0.000000	-0.000000	
-0.000000	-0.123500	0.000000	-0.000000	0.000000	0.000000	-0.000000	0.000000	0.000000	0.000000	-0.403500	0.000000	0.000000	0.000000	-0.000000	-0.000000	0.000000	-0.000000	-0.000000	0.000000	0.000000	0.000000	-0.000000	0.000000	0.000000	0.000000	-0.000000	0.000000	0.000000	0.000000	0.000000	0.000000	0.000000	-0.000000	0.000000	-0.000000	0.000000	0.000000	-0.000000	0.000000	-0.000000	-0.000000	0.000000	-0.000000	0.000000	-0.000000	0.199000	-0.000000	-0.000000	-0.000000	0.000000	0.000000	0.000000	0.000000	-0.000000	-0.000000	-0.000000	0.000000	-0.000000	-0.000000	-0.000000	0.000000	0.000000	0.000000	0.000000	-0.000000	-0.000000	0.000000	0.000000	-0.000000	0.000000	-0.000000	
-0.000000	0.000000	0.000000	0.000000	0.000000	-0.000000	0.000000	0.000000	-0.000000	-0.000000	-0.000000	0.000000	0.000000	-0.000000	0.000000	-0.000000	0.230800	0.000000	-0.000000	0.000000	0.000000	-0.000000	-0.000000	0.000000	-0.000000	-0.000000	0.000000	0.000000	-0.000000	-0.000000	-0.000000	-0.000000	-0.000000	0.000000	0.000000	0.000000	-0.000000	-0.000000	-0.000000	-0.000000	-0.000000	-0.000000	0.000000	-0.000000	-0.000000	-0.000000	-0.000000	-0.000000	0.000000	0.000000	0.000000	0.000000	-0.000000	0.000000	0.000000	-0.000000	0.000000	-0.098900	0.000000	0.000000	0.000000	0.000000	0.000000	-0.000000	0.369900	-0.000000	0.000000	0.000000	-0.000000	0.000000	0.000000	0.000000	
-0.000000	0.000000	-0.000000	0.000000	0.000000	0.000000	-0.000000	0.000000	-0.000000	0.000000	0.000000	0.000000	-0.000000	0.000000	-0.208100	0.070100	-0.000000	0.000000	-0.000000	0.000000	-0.000000	0.000000	0.000000	-0.000000	0.000000	-0.000000	0.000000	0.000000	-0.000000	0.000000	-0.000000	0.000000	-0.000000	-0.000000	0.000000	0.000000	0.000000	0.000000	-0.000000	-0.000000	-0.000000	0.000000	-0.000000	-0.000000	-0.000000	-0.000000	-0.000000	-0.000000	-0.000000	0.000000	0.000000	-0.000000	-0.000000	-0.000000	-0.000000	0.000000	0.000000	0.000000	-0.000000	-0.000000	-0.000000	0.000000	0.000000	0.000000	-0.000000	0.000000	-0.000000	0.000000	-0.000000	-0.000000	0.000000	-0.000000	
-0.000000	0.000000	-0.000000	-0.000000	-0.000000	0.000000	-0.000000	-0.000000	-0.000000	0.000000	-0.000000	-0.000000	-0.000000	0.000000	0.000000	-0.000000	-0.000000	-0.000000	-0.000000	-0.000000	-0.000000	-0.000000	-0.000000	-0.000000	0.000000	-0.000000	0.000000	-0.000000	-0.000000	-0.000000	-0.000000	-0.325000	0.000000	0.000000	-0.000000	0.000000	-0.000000	-0.000000	0.287000	-0.000000	-0.000000	-0.000000	0.000000	-0.000000	0.000000	-0.000000	-0.000000	-0.000000	-0.000000	-0.000000	-0.000000	-0.000000	0.000000	0.000000	-0.000000	-0.000000	0.000000	-0.000000	0.000000	-0.000000	-0.000000	0.000000	-0.000000	0.000000	0.000000	0.000000	0.000000	0.000000	0.000000	-0.000000	0.000000	-0.000000	
-0.000000	-0.000000	0.000000	-0.000000	-0.000000	-0.000000	0.000000	0.000000	0.000000	0.000000	-0.000000	-0.000000	-0.000000	-0.000000	0.000000	0.000000	0.000000	0.000000	0.000000	0.000000	0.000000	-0.000000	-0.000000	-0.000000	0.000000	0.000000	-0.000000	-0.000000	0.000000	-0.000000	-0.000000	-0.000000	0.000000	0.000000	-0.000000	-0.000000	-0.000000	0.000000	0.000000	0.000000	-0.000000	0.000000	0.000000	-0.000000	-0.000000	0.000000	0.000000	-0.000000	0.000000	-0.000000	0.000000	-0.000000	0.000000	-0.000000	0.000000	-0.000000	-0.000000	-0.000000	-0.000000	0.000000	0.000000	0.000000	-0.000000	-0.000000	-0.000000	0.000000	-0.000000	0.000000	-0.000000	-0.145800	0.000000	-0.000000	
0.000000	0.462700	-0.000000	0.000000	0.000000	-0.000000	0.000000	-0.000000	0.000000	0.000000	-0.000000	0.000000	0.000000	0.000000	-0.000000	0.000000	-0.000000	0.000000	0.000000	-0.000000	-0.000000	-0.000000	-0.000000	-0.000000	0.000000	-0.000000	-0.000000	-0.000000	-0.000000	0.000000	0.000000	-0.000000	-0.000000	0.000000	0.000000	-0.000000	0.000000	-0.000000	0.000000	0.000000	-0.000000	0.000000	0.000000	0.000000	-0.000000	-0.000000	0.000000	0.000000	-0.000000	0.000000	-0.000000	-0.000000	0.000000	-0.000000	0.000000	0.000000	0.000000	-0.000000	0.000000	-0.000000	0.000000	-0.000000	0.000000	-0.000000	-0.000000	-0.000000	-0.000000	0.000000	-0.000000	-0.000000	-0.000000	-0.000000	
0.000000	0.000000	0.000000	-0.000000	-0.112700	-0.000000	0.000000	0.000000	0.000000	0.000000	-0.000000	0.000000	0.000000	-0.000000	-0.000000	0.000000	0.000000	0.000000	-0.000000	-0.000000	0.000000	0.000000	0.000000	0.000000	0.000000	-0.000000	-0.000000	0.000000	0.000000	-0.000000	0.000000	-0.000000	0.000000	-0.000000	-0.000000	0.000000	-0.000000	-0.000000	0.000000	0.000000	0.000000	0.000000	-0.000000	-0.000000	0.000000	-0.000000	0.000000	-0.000000	-0.000000	0.000000	0.000000	0.000000	-0.000000	-0.000000	-0.000000	0.000000	0.000000	-0.000000	0.000000	0.000000	-0.000000	0.000000	0.000000	0.000000	-0.000000	0.000000	-0.000000	0.000000	-0.184300	0.000000	-0.000000	-0.000000	
-0.000000	-0.000000	-0.000000	0.000000	-0.000000	0.000000	-0.000000	0.000000	-0.000000	0.000000	-0.000000	-0.109200	0.000000	0.000000	-0.000000	0.000000	0.000000	0.000000	0.000000	0.000000	-0.000000	-0.000000	0.000000	-0.000000	0.000000	0.000000	0.000000	-0.000000	-0.000000	0.000000	0.000000	-0.000000	0.432600	0.000000	-0.000000	-0.000000	-0.000000	-0.000000	0.000000	-0.000000	0.000000	-0.000000	-0.000000	-0.000000	0.000000	0.000000	0.000000	0.000000	-0.000000	0.000000	-0.000000	-0.000000	0.000000	-0.000000	0.000000	0.000000	-0.000000	-0.000000	0.000000	-0.000000	0.000000	0.000000	0.000000	0.000000	0.000000	0.000000	0.000000	-0.000000	0.000000	-0.000000	0.000000	0.000000	
-0.000000	0.000000	0.000000	-0.000000	-0.000000	-0.000000	0.000000	-0.000000	-0.000000	-0.361800	0.000000	-0.000000	0.000000	-0.000000	0.000000	-0.000000	-0.000000	-0.000000	-0.039500	0.000000	0.000000	0.000000	-0.000000	-0.000000	-0.000000	0.000000	-0.000000	0.000000	-0.000000	0.000000	-0.000000	-0.000000	0.000000	-0.000000	-0.000000	0.000000	0.000000	0.386400	-0.000000	-0.000000	0.000000	0.000000	-0.000000	0.000000	0.000000	0.000000	-0.000000	0.000000	-0.000000	-0.000000	-0.000000	0.340000	-0.000000	-0.000000	0.000000	-0.000000	0.000500	0.000000	-0.000000	0.000000	0.000000	0.000000	0.000000	0.000000	-0.000000	-0.000000	0.000000	-0.000000	0.000000	0.000000	0.000000	-0.000000	
0.000000	-0.000000	-0.000000	-0.000000	0.000000	-0.000000	0.000000	0.267800	0.000000	0.000000	-0.000000	0.000000	-0.000000	0.000000	0.000000	0.000000	0.000000	0.000000	-0.000000	0.000000	0.000000	-0.000000	0.401300	0.000000	-0.000000	0.000000	0.000000	-0.000000	-0.000000	0.205200	-0.000000	0.000000	0.000000	-0.000000	-0.000000	-0.000000	0.000000	0.000000	0.000000	0.000000	0.000000	-0.000000	-0.000000	-0.000000	0.000000	0.000000	0.000000	-0.000000	0.000000	-0.000000	-0.000000	0.000000	0.000000	-0.000000	-0.000000	-0.000000	-0.000000	0.000000	-0.000000	-0.000000	0.000000	-0.000000	-0.000000	-0.000000	-0.223600	-0.000000	0.000000	0.000000	-0.000000	0.000000	-0.000000	-0.000000	
-0.000000	0.146800	-0.000000	-0.000000	-0.000000	-0.000000	-0.000000	0.000000	0.000000	-0.000000	0.000000	-0.000000	-0.000000	0.000000	0.000000	0.000000	0.000000	0.000000	0.000000	-0.000000	-0.000000	0.000000	-0.000000	0.000000	0.000000	0.000000	0.000000	-0.000000	-0.000000	0.000000	-0.000000	-0.000000	-0.000000	-0.000000	-0.000000	-0.000000	0.063200	-0.000000	0.000000	0.000000	-0.000000	-0.000000	-0.000000	0.000000	0.000000	-0.000000	0.000000	-0.000000	-0.000000	0.000000	-0.000000	0.000000	0.000000	0.000000	0.000000	-0.000000	-0.000000	0.000000	-0.000000	0.000000	0.000000	0.000000	-0.000000	0.000000	-0.000000	-0.000000	0.000000	-0.000000	-0.000000	-0.000000	-0.000000	0.000000	
-0.000000	0.000000	0.000000	-0.000000	-0.222900	-0.000000	-0.000000	-0.000000	0.000000	0.000000	0.000000	-0.000000	0.000000	0.000000	-0.000000	0.000000	0.000000	0.000000	0.000000	0.000000	0.000000	0.000000	-0.000000	-0.000000	0.000000	0.000000	0.000000	-0.000000	-0.000000	-0.412100	0.000000	-0.000000	-0.000000	0.000000	0.000000	0.000000	-0.000000	0.000000	0.000000	0.000000	0.000000	0.000000	-0.000000	0.000000	-0.000000	0.000000	0.051100	-0.000000	-0.000000	0.000000	0.000000	0.000000	0.000000	0.000000	0.000000	-0.000000	0.000000	0.000000	-0.000000	0.000000	0.000000	0.071000	-0.000000	-0.000000	0.000000	-0.000000	-0.000000	-0.000000	0.000000	0.000000	-0.000000	0.000000	
-0.000000	-0.000000	-0.000000	0.000000	0.000000	-0.000000	-0.000000	0.000000	-0.000000	-0.000000	-0.000000	0.000000	0.000000	0.000000	-0.000000	0.000000	-0.000000	0.000000	-0.000000	0.000000	0.000000	-0.000000	-0.493600	-0.000000	-0.000000	0.000000	-0.000000	0.000000	0.000000	-0.000000	-0.000000	-0.000000	-0.000000	-0.000000	-0.000000	0.000000	0.000000	0.000000	-0.000000	0.000000	0.000000	0.000000	-0.000000	-0.000000	-0.000000	0.000000	0.000000	0.000000	0.000000	0.000000	-0.000000	0.000000	0.000000	-0.000000	0.000000	0.000000	0.000000	0.000000	0.000000	-0.000000	0.000000	0.000000	0.000000	0.000000	-0.000000	-0.000000	-0.000000	0.000000	0.000000	0.000000	-0.000000	-0.000000	
0.000000	0.000000	-0.000000	0.000000	-0.000000	-0.000000	-0.000000	0.000000	0.000000	-0.000000	-0.000000	-0.414000	0.000000	0.000000	0.000000	0.000000	-0.000000	0.000000	0.000000	0.000000	-0.000000	0.000000	0.000000	-0.000000	0.000000	0.000000	0.000000	-0.000000	-0.000000	-0.000000	-0.000000	0.000000	0.379100	0.000000	0.000000	-0.000000	-0.000000	0.000000	0.000000	0.000000	-0.000000	0.000000	0.000000	0.000000	-0.000000	0.000000	0.000000	0.000000	0.000000	-0.000000	-0.000000	0.000000	-0.000000	-0.000000	0.000000	-0.000000	-0.000000	0.000000	-0.000000	-0.000000	-0.000000	0.000000	-0.000000	0.229400	-0.000000	-0.000000	0.000000	-0.000000	-0.000000	-0.000000	-0.000000	0.000000	
0.000000	0.000000	0.000000	-0.000000	-0.000000	0.000000	0.000000	0.000000	0.000000	0.000000	-0.165300	-0.000000	-0.000000	-0.000000	0.000000	0.000000	0.000000	-0.000000	0.000000	0.000000	-0.000000	-0.000000	-0.000000	0.000000	-0.000000	0.000000	-0.000000	0.000000	0.000000	0.000000	0.000000	-0.000000	-0.000000	0.000000	-0.000000	-0.240500	-0.000000	0.000000	0.000000	-0.000000	0.000000	0.000000	0.000000	-0.000000	0.000000	-0.000000	0.000000	0.000000	0.000000	0.000000	0.000000	0.341800	-0.000000	-0.000000	-0.000000	0.000000	0.000000	0.000000	-0.000000	-0.000000	-0.000000	0.000000	-0.000000	-0.000000	0.000000	-0.000000	0.000000	-0.000000	0.000000	-0.000000	0.000000	-0.000000	
-0.000000	0.000000	0.000000	0.000000	0.000000	0.000000	0.403900	-0.000000	0.000000	-0.000000	0.000000	0.000000	-0.000000	0.000000	-0.235300	0.000000	-0.000000	-0.000000	0.000000	0.000000	0.000000	0.000000	0.000000	-0.000000	0.000000	0.000000	-0.000000	-0.000000	-0.000000	0.000000	-0.000000	-0.000000	-0.000000	0.000000	-0.000000	0.000000	0.000000	0.000000	0.000000	0.000000	-0.000000	-0.000000	0.000000	-0.000000	-0.000000	-0.000000	0.000000	-0.000000	-0.000000	-0.000000	0.000000	0.000000	0.000000	0.000000	-0.000000	-0.130600	0.000000	0.000000	-0.000000	-0.000000	0.000000	-0.048900	-0.000000	-0.000000	0.000000	-0.000000	0.000000	-0.000000	-0.000000	0.000000	0.000000	0.000000	
0.000000	-0.000000	0.000000	-0.000000	-0.000000	-0.000000	0.000000	0.000000	-0.000000	-0.000000	0.000000	0.000000	0.000000	0.000000	0.000000	0.000000	-0.000000	0.000000	0.000000	0.000000	0.000000	-0.000000	0.000000	-0.000000	-0.000000	-0.000000	0.000000	0.000000	0.000000	-0.000000	-0.000000	-0.000000	-0.000000	-0.000000	0.000000	-0.000000	-0.000000	-0.151200	0.000000	-0.000000	0.000000	0.000000	-0.000000	-0.000000	-0.000000	-0.000000	0.000000	-0.000000	0.000000	-0.000000	-0.323500	-0.000000	-0.000000	0.000000	-0.000000	0.000000	0.388000	-0.000000	0.000000	0.000000	-0.000000	0.000000	0.000000	-0.000000	0.000000	-0.000000	-0.000000	0.000000	-0.000000	-0.000000	0.000000	0.000000	
0.000000	-0.000000	0.000000	-0.000000	0.000000	-0.000000	-0.000000	-0.000000	-0.000000	0.000000	-0.000000	0.000000	-0.000000	0.000000	0.000000	-0.000000	-0.000000	0.000000	0.000000	0.000000	0.000000	0.000000	0.000000	-0.000000	-0.000000	0.000000	0.000000	-0.000000	0.000000	-0.000000	0.000000	0.000000	0.000000	-0.000000	-0.000000	-0.000000	-0.444600	-0.000000	-0.000000	-0.000000	-0.000000	0.000000	0.000000	-0.000000	0.000000	-0.000000	0.005500	0.000000	-0.000000	0.000000	-0.000000	0.000000	-0.000000	-0.000000	0.000000	-0.000000	0.000000	0.000000	0.000000	0.000000	-0.000000	0.000000	-0.000000	-0.000000	0.000000	-0.000000	-0.000000	0.000000	-0.000000	0.000000	0.000000	0.000000	
0.000000	-0.000000	-0.000000	-0.000000	0.000000	-0.000000	0.000000	-0.000000	0.000000	0.000000	0.000000	-0.000000	0.000000	0.000000	-0.000000	-0.000000	0.000000	0.000000	-0.026600	0.000000	-0.000000	0.000000	0.000000	0.000000	-0.000000	-0.000000	-0.000000	-0.000000	-0.000000	-0.000000	-0.000000	-0.000000	0.000000	0.000000	-0.000000	0.000000	-0.000000	0.000000	0.000000	0.000000	-0.000000	-0.000000	0.000000	0.000000	-0.000000	0.000000	0.000000	-0.000000	-0.000000	-0.000000	0.000000	-0.000000	0.455700	-0.000000	0.000000	0.000000	-0.000000	-0.000000	0.000000	0.000000	-0.000000	-0.000000	0.000000	0.000000	-0.000000	0.000000	-0.000000	-0.000000	-0.000000	-0.000000	0.000000	-0.000000	
-0.000000	-0.000000	-0.000000	-0.000000	-0.000000	0.000000	0.000000	0.000000	-0.000000	-0.000000	0.000000	0.000000	-0.000000	0.000000	-0.000000	0.000000	0.000000	0.000000	-0.000000	0.000000	0.000000	0.000000	0.000000	0.000000	-0.000000	-0.000000	-0.000000	0.000000	-0.000000	-0.000000	-0.000000	-0.000000	-0.000000	0.000000	-0.000000	-0.000000	-0.000000	-0.000000	0.000000	-0.000000	0.000000	-0.000000	-0.000000	-0.000000	0.000000	0.000000	0.000000	0.000000	-0.000000	-0.000000	-0.000000	-0.000000	0.000000	0.000000	-0.000000	-0.000000	0.000000	0.000000	-0.000000	0.000000	0.000000	0.000000	-0.000000	0.000000	-0.000000	0.000000	0.000000	-0.000000	-0.000000	-0.000000	-0.000000	-0.000000	

-0.000000	-0.000000	
0.402400	-0.000000	
-0.000000	-0.000000	
-0.000000	-0.000000	
0.000000	-0.128100	
0.000000	0.000000	
0.000000	0.000000	
0.000000	0.000000	
0.000000	-0.000000	
-0.000000	0.436400	
-0.000000	0.000000	
0.402300	-0.000000	
0.000000	-0.352100	
-0.000000	0.000000	
-0.000000	-0.000000	
-0.000000	-0.000000	
-0.000000	0.000000	
0.000000	0.000000	
-0.000000	0.000000	
-0.000000	0.000000	
0.000000	-0.000000	
-0.000000	-0.000000	
0.000000	-0.000000	
0.000000	0.000000	
0.000000	0.000000	
-0.000000	0.011400	
-0.000000	-0.000000	
0.000000	0.000000	
0.000000	0.000000	
-0.000000	0.000000	
0.000000	-0.000000	
-0.000000	0.444800	
0.000000	-0.000000	
0.000000	-0.000000	
-0.000000	0.000000	
0.000000	-0.000000	
-0.021300	0.000000	
-0.000000	-0.000000	
-0.000000	0.000000	
-0.000000	-0.000000	
0.000000	0.000000	
0.000000	0.000000	
-0.000000	-0.000000	
-0.000000	-0.000000	
-0.000000	0.000000	
0.000000	0.000000	
0.000000	0.000000	
0.387800	-0.000000	
0.000000	-0.000000	
-0.000000	-0.000000	
-0.000000	-0.000000	
-0.000000	0.000000	
0.000000	0.000000	
0.000000	-0.000000	
-0.000000	-0.000000	
-0.000000	-0.000000	
0.000000	0.000000	
0.000000	0.000000	
0.000000	-0.000000	
0.000000	-0.000000	
0.000000	-0.000000	
0.000000	0.000000	
0.000000	-0.000000	
-0.000000	0.000000	
-0.000000	0.000000	
0.000000	0.000000	
0.000000	-0.000000	
0.000000	-0.000000	
-0.000000	-0.000000	
0.000000	0.000000	
-0.000000	0.000000	
-0.000000	0.000000	

## BIASES:
-0.000000	-0.000000	-0.000000	0.000000	-0.000000	-0.000000	0.000000	-0.000000	0.000000	0.000000	-0.000000	-0.000000	-0.000000	0.000000	-0.121200	-0.389500	0.000000	0.000000	0.000000	-0.000000	-0.000000	0.113700	0.000000	0.285400	0.000000	-0.000000	0.000000	0.000000	-0.000000	-0.000000	-0.000000	0.000000	-0.000000	0.000000	-0.000000	-0.000000	0.000000	0.000000	-0.000000	-0.000000	-0.000000	-0.000000	0.000000	-0.000000	-0.499800	-0.000000	-0.000000	-0.000000	0.000000	0.000000	0.000000	0.000000	0.000000	-0.000000	0.000000	-0.000000	-0.000000	-0.000000	-0.000000	0.000000	-0.000000	0.000000	0.000000	-0.000000	0.000000	-0.000000	0.000000	-0.000000	0.000000	-0.000000	-0.000000	-0.000000	

0.000000	-0.000000	

