36:2:72:1

## LAYERS:
-0.251000	0.503000	28.500000	0.300000	0.112126	0.000000	0.000000	0.000000	0.124585	0.000000	0.124585	0.145349	0.149502	0.157807	0.157807	0.000000	0.174419	0.191030	0.191030	0.224252	0.224252	0.232558	0.000000	0.348837	0.373754	0.299003	0.498339	0.000000	0.000000	0.456811	0.996678	0.996678	0.830565	0.000000	0.830565	0.000000	

-0.000000	-0.000000	-0.000000	-0.000000	0.000000	-0.000000	-0.086800	0.000000	0.000000	0.000000	-0.000000	-0.000000	-0.488900	-0.000000	0.000000	-0.000000	-0.000000	0.000000	0.000000	-0.000000	0.000000	-0.000000	-0.000000	-0.000000	-0.000000	0.003800	-0.000000	-0.000000	0.000000	0.000000	0.000000	0.365300	0.000000	0.000000	0.000000	0.000000	0.000000	-0.000000	0.000000	-0.000000	0.000000	0.000000	0.000000	0.000000	-0.000000	0.000000	0.249200	-0.000000	0.126500	0.000000	-0.000000	-0.000000	0.000000	0.000000	-0.000000	0.000000	-0.000000	-0.000000	0.000000	0.386200	-0.190100	0.008400	-0.000000	0.000000	0.000000	-0.000000	0.110500	-0.000000	0.000000	-0.000000	-0.000000	0.000000	

0.488084	0.532004	

## WEIGHTS:
0.212500	0.000000	0.000000	-0.000000	0.000000	-0.000000	0.000000	0.000000	-0.000000	0.000000	0.177200	0.000000	0.187400	0.000000	0.233000	-0.000000	-0.000000	0.000000	-0.000000	-0.178400	-0.000000	0.308900	0.000000	-0.000000	-0.000000	0.000000	0.000000	0.000000	0.000000	0.000000	-0.000000	-0.000000	0.000000	0.000000	-0.000000	-0.000000	0.447700	0.000000	-0.098200	-0.000000	-0.280000	0.000000	0.000000	0.407300	-0.000000	0.000000	0.000000	-0.311700	0.000000	-0.000000	0.000000	0.000000	0.000000	0.000000	-0.394600	0.000000	-0.000000	-0.234700	0.000000	0.000000	-0.000000	-0.440800	0.000000	0.000000	-0.000000	-0.000000	-0.000000	-0.000000	0.248400	0.000000	-0.000000	0.000000	
-0.000000	0.000000	0.000000	0.000000	-0.000000	-0.000000	0.000000	-0.239300	-0.000000	0.369800	0.000000	0.000000	-0.000000	0.000000	0.000000	0.000000	-0.394400	0.089300	0.000000	0.402200	-0.000000	0.019200	-0.000000	0.000000	-0.051100	0.000000	0.000000	0.000000	-0.466300	0.000000	-0.000000	0.372700	-0.000000	0.000000	-0.000000	-0.000000	-0.000000	0.000000	-0.000000	0.000000	0.000000	-0.000000	-0.000000	0.000000	0.000000	0.000000	0.000000	0.000000	-0.000000	0.000000	-0.285800	-0.162400	0.434200	-0.000000	0.000000	-0.117000	-0.000000	-0.000000	-0.284700	-0.000000	0.000000	0.000000	-0.000000	0.000000	-0.000000	-0.000000	0.000000	0.000000	-0.295900	-0.000000	-0.000000	-0.021900	
-0.000000	-0.000000	-0.000000	-0.000000	0.248000	0.000000	0.000000	0.000000	-0.000000	0.000000	0.000000	-0.000000	-0.000000	-0.000000	-0.000000	0.000000	0.000000	-0.000000	-0.000000	-0.000000	0.000000	-0.000000	-0.000000	-0.087000	-0.274300	-0.000000	-0.000000	-0.000000	-0.028100	-0.294400	0.000000	0.000000	-0.011200	0.000000	0.450800	0.371900	-0.000000	-0.212100	0.000000	-0.000000	0.339100	-0.000000	-0.000000	-0.000000	0.000000	-0.000000	0.442300	0.000000	-0.000000	0.000000	-0.000000	0.000000	0.000000	0.000000	-0.000000	-0.412000	0.000000	-0.288100	-0.347200	-0.000000	-0.082600	0.000000	0.000000	0.041300	-0.000000	-0.000000	-0.086900	-0.000000	-0.369500	0.000000	-0.000000	0.000000	
0.000000	0.000000	0.000000	-0.000000	0.150900	0.000000	0.000000	0.000000	-0.000000	0.000000	0.000000	0.000000	-0.000000	0.000000	-0.059600	-0.000000	0.000000	-0.000000	0.237800	0.165700	0.000000	0.494500	-0.000000	-0.000000	0.000000	-0.000000	0.000000	0.102700	0.000000	0.378500	-0.292700	-0.000000	-0.000000	0.000000	0.000000	0.248500	0.000000	0.000000	0.000000	0.000000	0.000000	-0.000000	-0.000000	-0.199700	0.000000	0.000000	0.000000	0.000000	0.000000	-0.000000	0.000000	-0.000000	-0.000000	-0.000000	-0.000000	0.000000	0.000000	-0.335600	-0.000000	-0.000000	0.000000	-0.238200	0.000000	-0.000000	-0.460300	0.000000	-0.340800	0.000000	-0.271000	0.019400	-0.000000	-0.000000	
0.000000	0.000000	-0.000000	-0.164500	-0.000000	0.000000	0.000000	0.000000	0.000000	-0.000000	0.000000	0.000000	-0.325700	-0.000000	0.270600	-0.000000	-0.000000	0.325100	-0.000000	-0.000000	-0.000000	0.446800	0.000000	0.000000	0.000000	0.000000	-0.000000	-0.000000	-0.000000	0.000000	-0.000000	0.000000	-0.000000	0.000000	-0.232000	0.483200	-0.077100	0.000000	0.000000	-0.000000	-0.000000	-0.468600	0.000000	-0.000000	-0.000000	-0.000000	0.000000	0.000000	-0.283300	0.000000	-0.179900	0.000000	-0.000000	0.000000	0.000000	-0.000000	0.000000	0.000000	-0.000000	0.000000	-0.000000	-0.000000	-0.000000	-0.000000	-0.000000	-0.289500	-0.000000	-0.357400	0.000000	-0.036400	-0.000000	0.000000	
-0.000000	-0.339400	0.000000	-0.000000	-0.312600	0.000000	-0.000000	-0.000000	-0.000000	0.000000	0.477800	0.000000	0.000000	-0.186900	0.000000	0.000000	-0.000000	0.000000	0.000000	-0.047300	0.000000	0.000000	-0.000000	0.000000	0.000000	0.243400	0.000000	0.000000	-0.000000	0.194000	-0.000000	-0.162900	-0.000000	0.269500	0.000000	0.000000	-0.000000	-0.000000	0.000000	-0.139500	-0.000000	0.193900	-0.000000	0.042200	-0.000000	0.007000	0.000000	-0.000000	-0.000000	0.000000	-0.000000	0.000000	0.000000	0.000000	-0.000000	-0.106100	0.000000	0.295900	0.000000	0.000000	-0.000000	0.182600	0.000000	0.000000	-0.412700	-0.000000	-0.000000	-0.000000	-0.000000	-0.000000	0.000000	-0.000000	
0.000000	0.149900	0.000000	-0.000000	-0.000000	-0.000000	0.496700	-0.000000	-0.000000	-0.000000	0.000000	-0.000000	-0.233000	0.346700	-0.280300	-0.000000	-0.000000	0.287600	0.000000	-0.000000	-0.000000	-0.216900	-0.000000	-0.000000	-0.000000	-0.000000	0.000000	-0.000000	0.000000	0.000000	-0.000000	-0.000000	-0.000000	0.000000	0.000000	-0.000000	0.187100	0.000000	-0.000000	-0.148100	-0.000000	0.000000	0.000000	0.000000	-0.000000	0.000000	-0.000000	0.000000	-0.000000	0.139300	0.000000	-0.000000	0.000000	-0.045600	-0.000000	0.000000	-0.000000	0.000000	0.000000	-0.000000	-0.000000	-0.000000	0.000000	0.030500	0.000000	0.000000	0.000000	-0.000000	0.000000	0.000000	-0.000000	0.000000	
-0.225600	0.000000	0.000000	-0.000000	-0.000000	0.000000	0.000000	-0.000000	0.000000	0.097000	-0.000000	-0.000000	-0.000000	-0.000000	0.000000	-0.000000	0.287900	0.000000	-0.000000	0.210900	0.000000	-0.000000	0.000000	0.467800	0.115200	-0.058400	-0.000000	0.285500	0.000000	0.000000	-0.000000	0.000000	-0.000000	-0.000000	-0.483100	0.000000	-0.000000	-0.000000	0.000000	-0.331000	-0.000000	0.000000	-0.000000	0.000000	-0.488200	0.000000	0.000000	-0.000000	-0.000000	0.000000	-0.354400	0.000000	0.000000	0.157300	0.000000	-0.290700	0.234000	0.016300	0.000000	-0.054500	0.000000	0.000000	0.000000	-0.000000	-0.421000	0.000000	-0.000000	0.225000	-0.000000	0.350200	0.029100	0.000000	
-0.095700	0.000000	-0.000000	-0.448700	-0.000000	0.160800	-0.000000	-0.000000	-0.000000	0.000000	0.147200	0.000000	0.000000	0.000000	0.119700	-0.000000	-0.000000	0.000000	-0.000000	0.000000	0.000000	-0.000000	-0.000000	-0.000000	-0.000000	-0.000000	0.140500	-0.000000	0.000000	-0.000000	0.209700	0.429300	0.000000	0.000000	0.000000	0.000000	-0.000000	0.236800	0.000000	-0.000000	0.000000	-0.000000	0.000000	-0.000000	-0.293800	-0.000000	-0.000000	-0.000000	0.000000	-0.000000	-0.000000	0.378100	0.000000	-0.000000	0.000000	-0.000000	-0.000000	-0.000000	-0.266500	0.000000	-0.000000	0.000000	-0.000000	0.000000	-0.000000	0.384700	-0.381400	-0.000000	0.000000	0.000000	-0.000000	0.000000	
0.000000	0.000000	-0.000000	0.000000	0.000000	-0.000000	0.000000	0.063100	0.218700	-0.032700	-0.000000	0.000000	0.000000	0.000000	0.000000	-0.077800	0.439000	-0.333900	0.000000	-0.000000	0.000000	-0.000000	0.499300	-0.000000	0.000000	0.000000	-0.273000	0.000000	0.000000	0.000000	0.000000	-0.000000	-0.000000	-0.000000	0.000000	-0.000000	0.000000	-0.000000	0.000000	-0.000000	0.000000	0.000000	0.000000	-0.000000	-0.000000	0.365200	-0.000000	-0.462800	0.000000	0.000000	-0.000000	-0.000000	0.000000	0.349200	0.000000	-0.000000	0.000000	-0.000000	0.361700	0.275400	-0.000000	-0.000000	0.000000	0.000000	0.000000	-0.000000	0.000000	0.000000	-0.000000	0.000000	0.419600	0.383700	
0.000000	0.000000	0.401300	-0.000000	-0.000000	0.476300	-0.203500	0.000000	0.000000	-0.000000	-0.000000	-0.000000	0.000000	-0.000000	-0.000000	-0.000000	-0.000000	0.000000	0.143400	-0.000000	0.000000	-0.000000	0.000000	-0.000000	-0.000000	-0.185300	-0.251400	0.000000	-0.000000	0.000000	-0.000000	-0.000000	-0.000000	-0.000000	0.000000	0.142900	0.000000	0.000000	0.000000	-0.000000	0.000000	-0.000000	-0.000000	-0.000000	-0.000000	-0.000000	-0.000000	-0.000000	0.039800	0.000000	0.000000	-0.257900	0.348700	-0.324300	-0.000000	-0.160100	-0.000000	-0.000000	0.000000	0.000000	0.000000	0.193000	-0.000000	0.322900	0.000000	0.313200	-0.000000	-0.000000	-0.000000	0.168000	-0.000000	-0.000000	
0.000000	0.000000	-0.000000	-0.000000	-0.000000	-0.086700	0.000000	-0.468900	-0.000000	0.075200	0.000000	-0.000000	0.000000	0.000000	-0.375600	-0.000000	-0.000000	0.199000	0.000000	-0.000000	-0.108100	0.000000	0.337800	0.000000	0.000000	0.073900	-0.000000	0.119800	-0.258200	-0.000000	0.277500	0.311700	0.000000	0.000000	0.041600	-0.000000	0.000000	-0.024600	-0.000000	-0.000000	0.000000	0.000000	-0.000000	-0.428400	-0.084900	0.339800	0.447700	0.397700	-0.000000	0.000000	0.412700	-0.000000	-0.179700	-0.000000	0.000000	0.000000	0.000000	0.158600	-0.352400	-0.000000	0.000000	0.000000	-0.000000	-0.469300	-0.000000	0.000000	-0.000000	-0.000000	0.000000	-0.000000	-0.067600	-0.149600	
0.000000	-0.000000	-0.000000	0.000000	0.000000	-0.000000	0.000000	0.000000	0.430600	-0.000000	0.000000	0.000000	0.000000	0.000000	-0.000000	-0.127400	0.000000	-0.000000	0.000000	-0.000000	0.000000	-0.000000	-0.000000	0.000000	-0.089000	-0.000000	-0.000000	-0.000000	-0.000000	-0.000000	-0.073900	0.000000	0.385700	-0.000000	0.299100	0.008300	0.000000	-0.000000	-0.000000	-0.000000	0.000000	0.000000	-0.000000	-0.000000	-0.000000	-0.000000	0.000000	0.000000	0.000000	-0.000000	0.000000	-0.000000	0.387200	0.000000	0.000000	-0.000000	-0.000000	0.000000	-0.490900	-0.000000	0.000000	-0.000000	0.000000	-0.000000	0.000000	0.000000	-0.000000	-0.000000	0.020600	0.000000	-0.000000	-0.000000	
0.000000	-0.000000	-0.223900	-0.000000	-0.112600	0.233000	0.000000	0.437100	0.263400	0.000000	0.378600	-0.000000	-0.000000	-0.146200	-0.280900	-0.000000	-0.000000	-0.271900	-0.000000	-0.000000	0.433500	0.000000	0.000000	-0.000000	-0.000000	0.000000	0.000000	0.000000	-0.000000	0.000000	-0.000000	0.000000	0.000000	0.000000	0.000000	-0.000000	-0.000000	-0.000000	0.000000	0.000000	0.000000	-0.000000	0.000000	-0.000000	0.000000	0.000000	0.000000	0.000000	0.000000	0.000000	-0.000000	-0.000000	-0.000000	0.000000	0.000000	-0.000000	-0.000000	-0.000000	-0.000000	0.024700	-0.275500	0.329000	0.000000	-0.348500	-0.327800	0.032800	-0.000000	0.000000	0.000000	0.000000	-0.412300	-0.000000	
-0.000000	0.000000	0.000000	0.277200	-0.000000	-0.000000	-0.000000	0.000000	-0.066400	-0.000000	-0.000000	0.000000	-0.000000	0.000000	-0.000000	0.000000	0.000000	0.000000	-0.000000	-0.424100	-0.000000	-0.304600	0.000000	-0.000000	0.000000	0.000000	0.000000	-0.000000	0.000000	-0.000000	-0.000000	0.000000	0.000000	0.000000	-0.000000	-0.000000	0.000000	0.000000	0.000000	-0.000000	-0.000000	-0.000000	-0.000000	0.000000	-0.440700	0.000000	0.000000	0.000000	0.000000	0.158600	0.121700	-0.000000	0.000000	-0.000000	-0.000000	-0.000000	0.000000	0.000000	0.000000	-0.196100	0.000000	-0.000000	0.000000	-0.000000	0.000000	-0.000000	-0.000000	0.000000	0.392300	-0.385100	-0.008100	0.475600	
0.000000	0.000000	0.000000	0.000000	-0.000000	0.000000	-0.000000	-0.000000	-0.000000	-0.000000	0.000000	0.000000	0.000000	-0.000000	0.098000	-0.000000	-0.169800	0.000000	-0.000000	0.089600	-0.000000	-0.000000	0.498700	-0.000000	-0.278700	0.000000	0.000000	0.000000	0.175800	-0.376400	0.000000	0.000000	0.000000	0.000000	-0.000000	0.000000	0.000000	-0.000000	0.001900	0.000000	0.000000	-0.000000	-0.000000	0.000000	-0.000000	0.000000	-0.000000	-0.000000	0.000000	-0.427200	0.000000	-0.000000	-0.000000	0.000000	0.000000	-0.000000	-0.000000	-0.000000	-0.000000	0.334200	-0.000000	0.000000	-0.000000	-0.000000	-0.000000	-0.000000	0.000000	0.000000	-0.000000	-0.197700	-0.000000	-0.000000	
-0.000000	-0.000000	0.000000	-0.000000	0.230100	0.000000	-0.472900	0.000000	0.000000	0.000000	-0.000000	0.267300	0.000000	0.383800	-0.000000	-0.000000	0.000000	-0.363800	-0.000000	0.000000	0.419000	0.000000	-0.328900	0.452000	0.000000	0.000000	-0.000000	0.000000	0.408900	0.000000	0.000000	0.000000	0.000000	-0.233000	0.000000	-0.000000	0.000000	0.062600	-0.000000	0.000000	-0.000000	-0.000000	0.453200	-0.000000	0.000000	-0.000000	0.000000	-0.000000	-0.333400	-0.314800	0.000000	0.000000	0.000000	0.000000	-0.000000	-0.000000	-0.000000	0.000000	-0.491400	-0.000000	-0.000000	0.000000	0.044600	0.000000	0.000000	-0.000000	-0.163000	0.000000	0.000000	-0.397300	0.000000	-0.000000	
-0.000000	0.000000	0.013200	0.000000	0.000000	-0.000000	0.000000	0.155800	-0.000000	-0.000000	-0.000000	0.000000	0.000000	-0.000000	0.000000	-0.000000	0.000000	0.137600	-0.000000	0.000000	0.318000	-0.000000	-0.000000	0.000000	-0.000000	-0.000000	0.000000	0.000000	-0.000000	-0.044500	-0.000000	-0.000000	-0.000000	0.000000	0.000000	0.268200	-0.109500	-0.000000	-0.440800	-0.000000	-0.000000	-0.000000	0.000000	-0.000000	-0.000000	-0.000000	-0.000000	-0.108500	0.000000	0.000000	0.000000	0.050900	-0.323600	0.000000	0.000000	-0.000000	0.000000	-0.000000	0.161500	0.097900	0.000000	0.000000	0.000000	-0.000000	0.000000	-0.000000	0.000000	0.000000	-0.000000	0.000000	0.453400	0.000000	
-0.000000	0.000000	-0.000000	0.464500	0.000000	0.000000	-0.000000	0.000000	-0.000000	0.000000	0.000000	0.000000	-0.000000	0.000000	-0.208100	0.070100	-0.000000	0.000000	-0.000000	0.000000	-0.000000	0.000000	0.000000	-0.000000	0.000000	-0.000000	0.180400	0.000000	-0.000000	0.000000	-0.000000	0.000000	-0.000000	-0.000000	0.000000	0.000000	0.000000	0.000000	-0.000000	-0.000000	-0.000000	0.000000	-0.000000	-0.252600	-0.000000	-0.000000	-0.000000	-0.000000	-0.000000	0.000000	0.000000	-0.000000	-0.000000	-0.000000	-0.000000	0.054700	0.000000	0.000000	-0.000000	-0.000000	-0.000000	0.000000	0.000000	0.000000	-0.000000	0.000000	-0.000000	0.000000	-0.000000	-0.000000	0.000000	-0.000000	
-0.000000	0.413200	-0.000000	-0.000000	-0.000000	0.000000	-0.000000	-0.000000	-0.472700	0.242400	-0.000000	-0.000000	-0.000000	0.000000	0.000000	-0.000000	-0.000000	-0.000000	-0.000000	-0.000000	-0.200000	-0.000000	-0.000000	-0.112800	0.000000	-0.000000	0.000000	-0.000000	-0.000000	-0.054400	-0.000000	-0.325000	0.493900	0.000000	-0.000000	0.168400	-0.000000	-0.000000	0.287000	-0.452500	-0.000000	-0.000000	0.278400	-0.000000	0.022300	-0.000000	-0.184200	-0.000000	-0.000000	-0.027400	-0.000000	-0.078600	0.000000	0.000000	-0.000000	-0.000000	0.000000	-0.324700	0.000000	-0.000000	-0.243900	0.000000	-0.000000	0.385100	0.000000	0.000000	0.000000	0.000000	0.000000	-0.000000	0.000000	-0.052800	
-0.000000	-0.000000	0.000000	-0.000000	-0.000000	-0.000000	0.000000	0.000000	0.000000	0.186900	-0.000000	-0.000000	-0.441500	-0.000000	0.000000	0.000000	0.000000	0.000000	0.000000	0.000000	0.000000	-0.079200	-0.120200	-0.000000	0.449500	0.000000	-0.000000	-0.000000	0.408600	-0.239500	-0.000000	-0.000000	0.000000	0.000000	-0.000000	-0.000000	-0.438600	0.000000	0.000000	0.000000	-0.000000	0.000000	0.000000	-0.000000	-0.444100	0.000000	0.000000	-0.205400	0.344500	-0.000000	0.000000	-0.000000	0.000000	-0.000000	0.000000	-0.000000	-0.000000	-0.000000	-0.000000	0.000000	0.000000	0.195900	-0.070100	-0.000000	-0.000000	0.000000	-0.424100	0.000000	-0.000000	-0.000000	0.000000	-0.000000	
0.000000	0.462700	-0.000000	0.172900	0.378100	-0.000000	0.000000	-0.000000	0.414600	0.000000	-0.000000	0.000000	0.425400	0.000000	-0.000000	0.000000	-0.000000	0.117000	0.443400	-0.000000	-0.000000	-0.000000	-0.000000	-0.250300	0.485000	-0.000000	-0.000000	-0.000000	-0.000000	0.000000	0.000000	-0.000000	-0.000000	0.000000	0.000000	-0.000000	0.000000	-0.000000	0.000000	0.000000	-0.390500	0.000000	0.235500	0.000000	-0.000000	-0.000000	0.000000	0.000000	-0.125400	0.000000	-0.278100	-0.000000	0.000000	-0.247600	0.000000	0.000000	0.000000	-0.000000	0.090400	-0.000000	0.461000	-0.380800	0.000000	-0.000000	-0.000000	-0.000000	-0.000000	0.000000	-0.000000	-0.000000	-0.000000	-0.000000	
0.004300	0.000000	0.000000	-0.000000	-0.000000	-0.000000	0.000000	0.000000	0.000000	0.000000	-0.000000	0.000000	0.000000	-0.000000	-0.302000	0.000000	0.000000	0.000000	-0.105900	-0.000000	0.000000	0.331600	0.000000	0.000000	0.000000	-0.316500	-0.000000	0.000000	0.000000	-0.308500	0.000000	-0.000000	0.000000	-0.158400	-0.000000	0.000000	-0.000000	-0.000000	0.000000	0.000000	0.000000	0.000000	-0.000000	-0.000000	0.000000	-0.000000	0.000000	-0.136800	-0.000000	0.000000	0.000000	0.000000	-0.000000	-0.000000	-0.000000	0.000000	0.000000	-0.237900	0.000000	0.000000	-0.000000	0.017800	0.000000	0.000000	-0.005500	0.000000	-0.000000	0.000000	-0.000000	0.000000	-0.000000	-0.378300	
-0.000000	-0.000000	-0.000000	0.435000	-0.000000	0.000000	-0.000000	0.000000	-0.000000	0.000000	-0.000000	-0.109200	0.000000	0.000000	-0.000000	0.000000	0.000000	0.000000	0.000000	0.000000	-0.000000	-0.000000	0.000900	-0.123900	0.193200	0.000000	0.000000	-0.000000	-0.000000	0.385000	0.000000	-0.028100	0.000000	0.000000	-0.000000	-0.000000	-0.000000	-0.000000	0.000000	-0.000000	0.000000	-0.000000	-0.000000	-0.000000	0.400500	0.259800	0.186900	0.000000	-0.000000	0.000000	-0.141000	-0.000000	0.000000	-0.000000	0.000000	0.000000	-0.000000	-0.078100	0.000000	-0.000000	0.442000	0.000000	0.000000	0.000000	0.000000	0.186600	0.026100	-0.000000	0.161800	-0.000000	0.000000	0.000000	
-0.000000	0.000000	0.000000	-0.000000	-0.000000	-0.000000	0.000000	-0.000000	-0.000000	-0.361800	0.347500	-0.000000	0.000000	-0.000000	0.000000	-0.000000	-0.000000	-0.474400	-0.000000	0.000000	0.000000	0.000000	-0.000000	-0.000000	-0.438000	0.000000	-0.000000	0.000000	-0.150500	0.000000	-0.135500	-0.000000	0.000000	-0.492600	-0.000000	0.000000	0.472300	0.386400	-0.000000	-0.000000	0.159700	0.000000	-0.000000	0.000000	0.000000	0.000000	-0.000000	0.000000	-0.000000	-0.000000	-0.000000	0.000000	-0.000000	-0.000000	0.000000	-0.000000	0.000500	0.000000	-0.027800	0.000000	0.110200	0.000000	0.000000	0.473100	-0.000000	-0.000000	0.189700	-0.000000	0.000000	0.000000	0.031700	-0.266200	
0.060400	-0.000000	-0.000000	-0.000000	0.000000	-0.000000	0.000000	0.000000	0.000000	0.021600	-0.000000	0.000000	-0.000000	0.000000	0.258400	0.000000	0.000000	0.000000	-0.000000	0.000000	0.000000	-0.000000	0.401300	0.000000	-0.000000	0.000000	0.000000	-0.000000	-0.000000	0.205200	-0.000000	0.000000	0.000000	-0.000000	-0.000000	-0.000000	0.000000	0.000000	0.000000	0.000000	0.000000	-0.000000	-0.171900	-0.000000	0.451900	0.000000	0.372700	-0.230000	0.087300	-0.000000	-0.000000	0.000000	0.000000	-0.400500	-0.000000	-0.000000	-0.000000	0.000000	-0.000000	-0.064600	0.119700	-0.300400	-0.000000	-0.281000	-0.223600	-0.000000	0.183600	0.000000	-0.114300	0.000000	-0.000000	-0.000000	
-0.000000	0.146800	-0.000000	-0.000000	-0.131600	-0.232700	-0.000000	0.000000	0.000000	-0.000000	0.000000	-0.000000	-0.000000	0.000000	0.000000	0.000000	0.306200	0.000000	0.347000	-0.000000	-0.000000	0.000000	-0.000000	0.000000	0.000000	0.000000	0.000000	-0.000000	-0.000000	0.000000	-0.000000	-0.000000	-0.000000	-0.000000	-0.000000	-0.000000	0.000000	-0.000000	0.000000	0.312200	-0.000000	-0.000000	-0.000000	0.000000	0.000000	-0.000000	0.000000	-0.000000	-0.000000	0.000000	-0.000000	0.000000	0.267000	0.000000	0.000000	-0.000000	-0.000000	0.000000	-0.243300	0.000000	0.000000	0.000000	-0.000000	0.000000	-0.000000	-0.000000	0.000000	-0.000000	-0.000000	-0.000000	-0.000000	0.000000	
-0.000000	0.426500	0.000000	-0.000000	-0.222900	-0.000000	-0.000000	-0.000000	0.000000	0.000000	0.371800	-0.000000	0.000000	0.091800	-0.000000	0.219400	0.000000	0.000000	0.000000	0.420600	0.000000	0.000000	-0.000000	-0.000000	0.000000	0.000000	0.000000	-0.000000	-0.000000	-0.412100	0.000000	-0.000000	-0.000000	0.000000	0.000000	0.000000	-0.000000	0.000000	0.000000	0.000000	0.000000	0.369000	-0.000000	0.000000	-0.000000	0.000000	0.000000	-0.000000	-0.000000	0.000000	0.288600	0.000000	0.078700	0.000000	0.000000	-0.000000	0.000000	0.126500	-0.000000	0.000000	0.000000	0.000000	-0.000000	-0.000000	0.000000	-0.000000	-0.000000	-0.000000	0.000000	0.000000	-0.000000	0.000000	
-0.000000	-0.000000	-0.000000	0.000000	0.000000	-0.000000	-0.000000	0.000000	-0.000000	-0.320700	-0.000000	0.000000	0.000000	0.166800	-0.000000	0.014700	-0.000000	0.000000	-0.000000	0.000000	0.000000	-0.459500	-0.493600	-0.000000	-0.157300	0.000000	-0.000000	0.362900	0.354400	-0.000000	-0.000000	-0.000000	-0.000000	-0.000000	-0.000000	0.241300	0.168800	0.000000	-0.000000	0.000000	0.144200	0.000000	-0.339500	-0.000000	-0.000000	0.000000	0.000000	0.000000	0.000000	0.000000	-0.000000	0.000000	0.000000	-0.000000	0.000000	0.000000	0.000000	0.319900	0.000000	-0.067000	0.000000	0.000000	0.000000	0.000000	-0.000000	-0.000000	-0.000000	0.000000	0.000000	0.000000	-0.000000	-0.000000	
0.000000	0.000000	-0.000000	0.000000	-0.312300	-0.000000	-0.000000	0.000000	0.000000	-0.000000	-0.000000	-0.414000	0.000000	0.157600	0.000000	0.000000	-0.000000	0.000000	0.000000	0.000000	-0.000000	0.000000	0.000000	-0.000000	0.000000	0.000000	0.056300	-0.140800	-0.000000	-0.000000	-0.000000	0.000000	0.379100	0.030600	0.000000	-0.000000	-0.000000	0.000000	0.000000	0.000000	-0.491300	0.271100	0.158500	0.000000	-0.071400	0.000000	0.000000	0.000000	0.000000	-0.000000	-0.000000	0.000000	-0.171100	-0.000000	0.000000	-0.000000	-0.000000	0.000000	-0.000000	-0.000000	-0.000000	0.000000	-0.000000	0.229400	-0.013500	-0.000000	0.000000	-0.000000	-0.000000	-0.000000	-0.000000	0.000000	
0.000000	0.000000	0.000000	-0.000000	-0.000000	0.000000	0.066800	0.000000	0.000000	0.000000	-0.165300	-0.000000	-0.000000	-0.000000	0.000000	0.000000	0.000000	-0.000000	0.000000	0.000000	-0.000000	-0.000000	-0.000000	0.074400	-0.000000	0.000000	-0.000000	0.000000	0.000000	0.000000	0.467300	-0.000000	-0.000000	0.000000	-0.000000	-0.000000	-0.165200	0.000000	0.000000	-0.000000	0.000000	0.000000	0.324800	-0.000000	0.451600	-0.000000	0.000000	0.000000	0.000000	0.000000	0.000000	0.341800	-0.000000	-0.000000	-0.000000	0.000000	0.000000	0.000000	-0.000000	-0.000000	-0.097300	0.234700	-0.000000	-0.089400	0.182200	-0.000000	0.000000	-0.000000	0.000000	-0.251500	0.000000	-0.000000	
-0.000000	0.000000	0.000000	0.000000	0.000000	0.000000	0.000000	-0.000000	0.000000	-0.000000	0.000000	0.000000	-0.000000	0.000000	-0.000000	0.000000	-0.000000	-0.103000	0.000000	0.000000	0.000000	0.156800	0.000000	-0.000000	0.000000	0.000000	-0.000000	-0.000000	-0.000000	0.000000	-0.000000	-0.238600	-0.439500	0.000000	-0.490500	0.000000	0.000000	0.000000	0.000000	0.000000	-0.000000	-0.000000	0.000000	-0.270300	-0.000000	-0.000000	0.000000	-0.000000	-0.000000	-0.000000	0.000000	0.000000	0.000000	0.000000	-0.000000	-0.000000	0.000000	0.000000	-0.000000	-0.115000	0.000000	-0.048900	-0.218400	-0.000000	0.000000	-0.000000	0.000000	-0.061400	-0.025300	0.000000	0.077500	0.000000	
0.000000	-0.000000	0.231600	-0.000000	-0.304200	-0.397800	0.000000	0.000000	-0.000000	-0.000000	0.000000	0.000000	0.000000	0.000000	0.000000	0.318300	-0.000000	0.000000	0.000000	0.000000	0.000000	-0.000000	0.000000	-0.000000	-0.000000	-0.000000	0.000000	0.000000	0.328300	-0.000000	-0.000000	-0.000000	-0.325300	-0.110800	0.082500	-0.000000	-0.000000	-0.151200	0.000000	-0.000000	0.042900	0.000000	-0.026300	-0.000000	-0.000000	-0.000000	0.000000	-0.000000	0.000000	-0.000000	-0.000000	-0.000000	-0.000000	0.000000	-0.000000	0.000000	0.000000	-0.000000	0.000000	0.000000	-0.000000	0.000000	0.324500	-0.000000	0.000000	-0.000000	-0.306700	0.000000	-0.000000	-0.314300	0.000000	0.068900	
0.000000	-0.000000	0.000000	-0.000000	0.000000	-0.000000	-0.000000	-0.000000	-0.000000	0.000000	-0.000000	0.000000	-0.000000	0.000000	0.000000	-0.000000	-0.000000	0.000000	0.004400	0.000000	0.000000	0.000000	0.000000	-0.258100	-0.000000	0.000000	0.000000	-0.000000	0.000000	-0.083400	0.000000	0.000000	0.000000	-0.254100	-0.423900	-0.000000	-0.000000	-0.000000	-0.000000	-0.000000	-0.000000	0.000000	0.033000	-0.000000	0.360600	-0.000000	0.005500	0.000000	-0.000000	0.145000	-0.000000	0.000000	-0.000000	-0.000000	0.000000	-0.000000	0.000000	0.000000	0.000000	0.000000	-0.000000	0.000000	-0.000000	-0.000000	0.000000	-0.000000	-0.000000	0.000000	-0.000000	0.000000	0.000000	0.000000	
0.000000	-0.000000	-0.000000	-0.039700	0.000000	-0.000000	0.000000	-0.482100	0.000000	0.000000	0.000000	-0.000000	0.392400	0.000000	-0.000000	-0.000000	0.000000	0.000000	-0.026600	0.000000	-0.000000	0.000000	0.000000	0.000000	-0.473900	-0.000000	-0.000000	-0.000000	-0.017600	-0.000000	-0.000000	-0.000000	0.000000	0.000000	-0.000000	0.000000	-0.000000	0.000000	0.329100	0.000000	-0.000000	-0.000000	0.000000	0.000000	-0.124900	0.000000	0.453100	-0.250300	-0.000000	-0.000000	0.000000	-0.000000	0.000000	-0.000000	0.000000	0.000000	-0.000000	-0.000000	0.085900	0.000000	-0.000000	-0.000000	0.230900	0.000000	-0.000000	0.000000	-0.000000	-0.000000	-0.401600	-0.000000	0.000000	-0.000000	
-0.000000	-0.000000	-0.117100	-0.000000	-0.000000	0.000000	0.000000	0.000000	-0.000000	-0.000000	0.258200	0.000000	-0.000000	0.149400	-0.259700	0.098000	0.000000	0.000000	-0.000000	0.487800	0.000000	0.000000	0.000000	0.432800	-0.343600	-0.085900	-0.000000	0.000000	-0.000000	-0.436800	-0.000000	-0.000000	-0.152500	0.000000	-0.000000	-0.000000	-0.000000	-0.000000	0.000000	-0.111500	0.000000	-0.000000	-0.488100	-0.000000	0.065800	0.000000	0.000000	0.000000	-0.000000	-0.000000	-0.000000	-0.000000	0.000000	0.253200	-0.000000	-0.050400	0.000000	0.000000	-0.000000	0.000000	0.000000	0.000000	-0.384200	0.000000	-0.409100	0.000000	0.000000	-0.053300	-0.230700	-0.355000	-0.000000	-0.000000	

-0.000000	-0.000000	
0.402400	-0.000000	
-0.292800	-0.000000	
-0.056000	-0.000000	
0.000000	-0.128100	
0.000000	0.000000	
0.000000	0.176400	
0.000000	0.236800	
0.000000	-0.000000	
-0.000000	0.436400	
-0.000000	0.000000	
0.402300	-0.272800	
0.000000	-0.000000	
-0.000000	0.000000	
-0.000000	-0.000000	
-0.000000	-0.000000	
-0.146200	0.000000	
0.000000	0.000000	
-0.000000	0.124300	
-0.000000	0.000000	
0.000000	-0.000000	
-0.000000	-0.000000	
0.000000	-0.000000	
0.000000	0.000000	
0.000000	0.000000	
-0.000000	0.011400	
-0.000000	-0.000000	
0.000000	0.288500	
0.000000	0.077700	
-0.000000	0.000000	
0.000000	-0.000000	
-0.000000	0.444800	
0.000000	-0.000000	
0.000000	-0.000000	
-0.000000	0.000000	
0.000000	-0.000000	
-0.021300	0.000000	
-0.169600	-0.000000	
-0.000000	0.000000	
-0.155500	-0.000000	
0.000000	0.000000	
0.000000	0.000000	
-0.000000	-0.000000	
-0.080600	-0.000000	
-0.148000	0.000000	
0.000000	0.000000	
0.000000	0.000000	
0.387800	-0.000000	
0.291700	-0.000000	
-0.000000	-0.000000	
-0.000000	-0.000000	
-0.000000	0.000000	
0.000000	0.000000	
0.000000	-0.000000	
-0.000000	-0.000000	
-0.127300	-0.427600	
0.147400	0.273300	
0.000000	0.000000	
0.000000	-0.377400	
0.000000	-0.000000	
0.000000	-0.000000	
0.000000	0.000000	
0.000000	-0.134500	
-0.000000	0.000000	
-0.000000	0.000000	
0.373700	0.000000	
0.117500	-0.000000	
0.000000	-0.000000	
-0.000000	-0.000000	
0.000000	0.213900	
-0.000000	0.000000	
-0.000000	0.000000	

## BIASES:
-0.000000	-0.000000	-0.000000	0.127100	-0.495500	-0.000000	0.000000	-0.000000	0.000000	0.000000	-0.000000	-0.000000	-0.000000	0.000000	-0.000000	-0.389500	0.000000	0.000000	0.362800	-0.000000	-0.000000	0.000000	0.000000	0.285400	0.287000	-0.000000	0.000000	0.000000	-0.000000	-0.000000	-0.000000	0.000000	-0.000000	0.000000	-0.000000	-0.000000	0.000000	0.000000	-0.000000	-0.480700	-0.000000	-0.000000	0.000000	-0.000000	-0.499800	-0.000000	-0.000000	-0.000000	0.000000	0.000000	0.000000	0.239700	0.000000	-0.000000	0.000000	-0.000000	-0.039900	-0.472700	-0.000000	0.000000	-0.000000	0.000000	0.000000	-0.000000	0.000000	-0.100300	0.000000	-0.441400	0.489600	-0.000000	-0.422200	-0.000000	

0.000000	-0.000000	

