36:2:72:1

## LAYERS:
-0.251000	0.503000	28.500000	0.300000	0.000000	0.099668	0.000000	0.000000	0.116279	0.128738	0.132890	0.000000	0.000000	0.157807	0.000000	0.166113	0.000000	0.182724	0.000000	0.207641	0.249169	0.265781	0.000000	0.265781	0.373754	0.299003	0.323920	0.348837	0.913621	0.456811	0.498339	0.996678	0.830565	0.000000	0.830565	0.830565	

-0.000000	-0.000000	-0.277400	-0.000000	0.000000	-0.000000	-0.086800	0.168800	0.000000	0.000000	-0.000000	-0.000000	-0.488900	-0.000000	0.200800	-0.000000	-0.000000	0.259700	0.000000	-0.000000	0.000000	-0.000000	-0.000000	-0.000000	-0.000000	0.003800	-0.000000	-0.000000	0.000000	0.000000	0.030800	0.000000	0.156200	0.000000	0.000000	0.000000	0.000000	-0.000000	0.000000	-0.000000	0.000000	0.000000	0.000000	0.000000	-0.000000	0.000000	0.000000	-0.000000	0.000000	0.000000	-0.000000	-0.000000	0.000000	0.000000	-0.000000	0.000000	-0.000000	-0.000000	0.000000	0.000000	-0.000000	0.000000	-0.000000	0.000000	0.000000	-0.000000	0.110500	-0.000000	0.000000	-0.000000	-0.000000	0.000000	

0.488084	0.532004	

## WEIGHTS:
0.000000	0.000000	0.000000	-0.000000	0.000000	-0.000000	0.000000	0.000000	-0.000000	0.000000	0.177200	0.000000	0.187400	0.000000	0.233000	-0.000000	-0.000000	0.000000	-0.000000	-0.000000	-0.000000	0.308900	0.000000	-0.000000	-0.000000	0.000000	0.000000	0.000000	0.000000	0.000000	-0.000000	-0.000000	0.000000	0.000000	-0.000000	-0.000000	0.447700	0.000000	-0.098200	-0.000000	-0.280000	0.000000	0.000000	0.407300	-0.000000	0.000000	0.419700	-0.311700	0.000000	-0.000000	0.000000	0.000000	0.358300	0.000000	-0.394600	0.000000	-0.000000	-0.234700	0.000000	0.000000	-0.000000	-0.000000	0.498700	0.053900	-0.033900	-0.000000	-0.000000	-0.000000	0.000000	0.000000	-0.000000	0.000000	
-0.000000	0.000000	0.000000	0.000000	-0.000000	-0.000000	0.224800	-0.239300	-0.000000	0.000000	0.000000	0.000000	-0.199700	0.000000	0.000000	0.000000	-0.394400	0.089300	0.000000	0.402200	-0.000000	0.019200	-0.000000	0.000000	-0.051100	0.000000	0.000000	0.332400	-0.466300	0.000000	-0.064100	0.372700	-0.000000	0.000000	-0.000000	-0.000000	-0.000000	0.000000	-0.139100	0.000000	0.000000	-0.000000	-0.000000	0.000000	0.000000	0.000000	0.000000	0.000000	-0.000000	0.000000	-0.285800	-0.162400	0.000000	-0.000000	0.000000	-0.000000	-0.000000	-0.000000	-0.284700	-0.000000	0.431700	0.000000	-0.000000	0.000000	-0.000000	-0.000000	0.000000	0.000000	-0.295900	-0.000000	-0.000000	-0.021900	
-0.000000	-0.000000	-0.000000	-0.000000	0.248000	0.000000	0.000000	0.302000	-0.000000	0.000000	0.000000	-0.000000	-0.000000	-0.000000	-0.000000	0.476300	0.000000	-0.000000	-0.000000	-0.000000	0.000000	-0.000000	-0.000000	-0.087000	-0.000000	-0.000000	-0.000000	-0.000000	-0.028100	-0.000000	0.000000	0.000000	-0.000000	0.000000	0.450800	0.371900	-0.000000	-0.000000	0.000000	-0.137100	0.000000	-0.000000	-0.000000	-0.000000	0.080600	-0.000000	0.442300	0.000000	-0.000000	0.000000	-0.000000	0.000000	0.000000	0.000000	-0.000000	-0.412000	0.000000	-0.288100	-0.347200	-0.000000	-0.082600	0.000000	0.000000	0.000000	-0.000000	-0.000000	-0.000000	-0.302300	-0.000000	0.000000	-0.000000	0.000000	
0.305600	0.084000	0.000000	-0.000000	0.150900	0.000000	0.000000	0.000000	-0.000000	0.113100	0.000000	0.000000	-0.000000	0.266200	-0.000000	-0.000000	0.000000	-0.271600	0.237800	0.165700	0.000000	0.494500	-0.000000	-0.000000	0.000000	-0.000000	0.000000	0.102700	0.000000	0.000000	-0.000000	-0.000000	-0.000000	0.278000	0.209500	0.248500	0.000000	0.000000	0.000000	0.000000	0.000000	-0.000000	-0.000000	-0.000000	0.000000	0.000000	0.477300	0.000000	0.000000	-0.000000	0.000000	-0.000000	-0.000000	-0.000000	-0.000000	0.000000	0.484800	-0.335600	-0.000000	-0.000000	0.000000	-0.238200	0.000000	-0.000000	-0.000000	0.000000	-0.340800	0.000000	-0.000000	0.000000	-0.118200	-0.000000	
0.000000	0.000000	-0.000000	-0.164500	-0.000000	0.000000	0.000000	0.000000	0.000000	-0.000000	0.000000	0.000000	-0.325700	-0.000000	0.270600	-0.000000	-0.000000	0.325100	-0.000000	-0.000000	-0.413200	0.000000	0.000000	0.000000	0.000000	0.000000	-0.000000	-0.000000	-0.000000	0.000000	-0.000000	0.000000	-0.000000	0.000000	-0.000000	0.000000	-0.077100	0.000000	0.009100	-0.000000	-0.000000	-0.468600	0.000000	-0.000000	-0.000000	-0.000000	0.000000	0.000000	-0.283300	0.000000	-0.000000	0.438600	-0.000000	0.000000	0.000000	-0.000000	0.000000	0.000000	-0.000000	0.239700	-0.000000	-0.000000	-0.000000	-0.000000	-0.000000	-0.000000	-0.000000	-0.357400	0.000000	-0.000000	-0.000000	0.000000	
-0.000000	-0.339400	0.154900	-0.000000	-0.312600	0.000000	-0.000000	-0.000000	-0.000000	0.000000	0.477800	0.000000	0.000000	-0.000000	0.000000	0.000000	-0.000000	0.000000	0.000000	-0.000000	0.000000	0.000000	-0.075900	0.000000	0.000000	0.243400	0.000000	0.000000	-0.000000	0.194000	-0.000000	-0.000000	-0.000000	0.269500	0.000000	0.177100	-0.000000	-0.000000	0.000000	-0.139500	-0.000000	0.193900	-0.000000	0.042200	-0.000000	0.007000	0.000000	-0.000000	-0.000000	0.000000	-0.000000	0.000000	0.000000	0.000000	-0.000000	-0.106100	0.000000	0.295900	0.000000	0.000000	-0.000000	0.000000	0.000000	0.000000	-0.412700	-0.275200	-0.000000	-0.000000	-0.000000	-0.000000	0.000000	-0.000000	
0.000000	0.000000	0.000000	-0.156200	-0.000000	-0.000000	0.496700	-0.000000	-0.000000	-0.000000	0.000000	-0.000000	-0.233000	0.000000	-0.280300	-0.000000	-0.000000	0.000000	0.000000	-0.000000	-0.000000	-0.216900	-0.482700	-0.307400	-0.000000	-0.000000	0.077300	-0.000000	0.000000	0.000000	-0.000000	-0.000000	-0.000000	0.000000	0.000000	-0.000000	0.000000	0.000000	-0.000000	-0.148100	-0.000000	0.000000	0.042500	0.000000	-0.000000	0.000000	-0.000000	0.000000	-0.000000	0.139300	0.000000	-0.000000	0.000000	-0.000000	-0.000000	0.000000	-0.000000	0.195100	0.000000	-0.000000	-0.000000	-0.000000	0.000000	0.030500	0.000000	0.406300	0.000000	-0.000000	0.000000	0.000000	-0.000000	0.000000	
-0.000000	0.000000	0.000000	-0.000000	-0.000000	0.000000	0.295100	-0.000000	0.000000	0.000000	-0.160100	-0.000000	-0.000000	-0.000000	0.280900	-0.000000	0.287900	0.000000	-0.000000	0.000000	0.000000	-0.000000	0.000000	0.000000	0.000000	-0.058400	-0.000000	0.000000	0.000000	0.061300	-0.000000	0.000000	-0.000000	-0.000000	-0.000000	0.000000	-0.000000	-0.052800	0.000000	-0.000000	-0.000000	0.000000	-0.000000	0.000000	-0.488200	0.000000	0.000000	-0.000000	-0.000000	0.000000	-0.000000	0.000000	0.000000	0.000000	0.000000	-0.290700	0.234000	0.016300	0.000000	-0.000000	0.000000	0.000000	0.000000	-0.123000	-0.421000	0.000000	-0.000000	0.225000	-0.000000	0.000000	0.000000	0.000000	
-0.095700	0.000000	-0.289600	-0.448700	-0.000000	0.000000	-0.000000	-0.000000	-0.000000	0.402000	0.147200	0.000000	0.000000	0.000000	0.000000	-0.000000	-0.000000	0.000000	-0.000000	0.000000	0.000000	-0.000000	-0.000000	-0.000000	-0.000000	-0.000000	0.000000	-0.000000	0.000000	-0.000000	0.000000	0.000000	0.000000	0.000000	0.000000	0.000000	-0.000000	0.236800	0.000000	-0.000000	0.000000	-0.186200	0.000000	-0.000000	-0.000000	-0.072800	-0.000000	-0.000000	0.000000	-0.000000	-0.000000	0.000000	0.000000	-0.000000	0.000000	-0.496100	-0.000000	-0.000000	-0.000000	0.000000	-0.000000	0.000000	-0.000000	0.321700	-0.000000	0.000000	-0.381400	-0.000000	0.000000	0.000000	-0.000000	0.000000	
0.000000	0.000000	-0.000000	0.000000	0.000000	-0.000000	0.000000	0.000000	0.218700	-0.000000	-0.000000	0.000000	0.000000	0.000000	0.000000	-0.077800	0.000000	-0.000000	0.000000	-0.000000	0.000000	-0.000000	0.499300	-0.000000	0.000000	0.000000	-0.000000	0.000000	0.000000	0.000000	0.202800	-0.000000	-0.000000	-0.000000	0.000000	-0.000000	0.000000	-0.000000	0.017100	-0.000000	0.000000	0.000000	0.000000	-0.000000	-0.401700	0.365200	-0.060100	-0.462800	0.000000	0.000000	-0.000000	-0.000000	0.003300	0.349200	0.000000	-0.000000	0.000000	-0.000000	0.361700	0.275400	-0.000000	-0.000000	0.000000	0.000000	0.000000	-0.000000	0.000000	0.000000	-0.000000	0.000000	0.000000	0.383700	
0.000000	0.000000	0.000000	-0.000000	-0.000000	0.476300	-0.203500	0.000000	0.000000	-0.000000	-0.165100	-0.000000	0.000000	-0.000000	-0.494100	-0.000000	-0.000000	0.000000	0.000000	-0.000000	0.202400	-0.000000	0.000000	-0.000000	-0.000000	-0.185300	-0.000000	0.000000	-0.000000	0.000000	-0.000000	-0.000000	-0.000000	-0.000000	0.000000	0.000000	0.000000	0.000000	0.000000	-0.000000	0.000000	-0.000000	-0.000000	-0.000000	-0.000000	-0.000000	-0.000000	-0.000000	0.000000	0.000000	0.000000	-0.257900	0.348700	-0.000000	-0.000000	-0.160100	-0.000000	-0.000000	0.000000	0.000000	0.000000	0.193000	-0.000000	0.322900	0.212600	0.313200	-0.000000	-0.000000	-0.000000	0.000000	-0.000000	-0.000000	
0.000000	0.000000	-0.000000	-0.000000	-0.000000	-0.086700	0.000000	-0.468900	-0.000000	0.000000	0.000000	-0.000000	0.000000	0.000000	-0.375600	-0.259000	-0.000000	0.000000	0.000000	-0.000000	-0.108100	0.259200	0.337800	0.000000	0.000000	0.000000	-0.000000	0.000000	-0.258200	-0.000000	0.000000	0.311700	0.000000	0.000000	0.041600	-0.000000	0.000000	-0.024600	-0.000000	-0.000000	0.000000	0.000000	-0.000000	-0.428400	-0.084900	0.339800	0.447700	0.000000	-0.000000	0.000000	0.412700	-0.000000	-0.179700	-0.000000	0.440400	0.000000	0.000000	0.158600	-0.000000	-0.000000	0.000000	0.000000	-0.000000	-0.469300	-0.000000	0.000000	-0.000000	-0.000000	0.000000	-0.000000	-0.067600	-0.000000	
0.000000	-0.000000	-0.000000	0.000000	0.000000	-0.000000	0.000000	0.000000	0.430600	-0.000000	0.000000	0.000000	0.000000	0.072800	-0.000000	-0.127400	0.000000	-0.000000	0.000000	-0.000000	0.000000	-0.278400	-0.000000	0.000000	-0.089000	-0.050400	-0.000000	-0.000000	-0.000000	-0.000000	-0.073900	0.000000	0.385700	-0.000000	0.299100	0.008300	0.000000	-0.000000	-0.000000	-0.000000	0.000000	0.000000	-0.000000	-0.000000	-0.000000	-0.000000	0.000000	0.000000	0.049800	-0.000000	0.000000	-0.000000	0.000000	0.000000	0.000000	-0.000000	-0.000000	0.000000	-0.000000	-0.000000	0.000000	-0.000000	0.000000	-0.000000	0.000000	0.000000	-0.000000	-0.000000	0.020600	0.000000	-0.000000	-0.308200	
0.000000	-0.000000	-0.223900	-0.000000	-0.112600	0.233000	0.000000	0.000000	0.263400	0.000000	0.000000	-0.214200	-0.000000	-0.146200	-0.280900	-0.000000	-0.000000	-0.271900	-0.464600	-0.022800	0.000000	0.000000	0.000000	-0.000000	-0.000000	0.000000	0.000000	0.000000	-0.000000	0.000000	-0.068000	0.000000	0.000000	0.000000	0.000000	-0.000000	-0.000000	-0.265200	0.000000	0.000000	0.000000	-0.000000	0.000000	-0.000000	0.000000	0.000000	0.000000	0.000000	0.342600	0.000000	-0.000000	-0.000000	-0.000000	0.000000	0.000000	-0.000000	-0.000000	-0.000000	-0.000000	0.000000	-0.000000	0.000000	0.000000	-0.348500	-0.000000	0.000000	-0.000000	0.000000	0.000000	0.000000	-0.412300	-0.000000	
-0.000000	0.000000	0.000000	0.277200	-0.000000	-0.000000	-0.000000	0.000000	-0.000000	-0.000000	-0.000000	0.000000	-0.032700	0.000000	-0.000000	0.000000	0.000000	0.000000	-0.000000	-0.424100	-0.000000	-0.304600	0.000000	-0.000000	0.000000	0.000000	0.000000	-0.000000	0.000000	-0.198200	-0.000000	0.000000	0.000000	0.000000	-0.000000	-0.000000	0.000000	0.000000	0.000000	-0.000000	-0.000000	-0.000000	-0.000000	0.415400	-0.440700	0.000000	0.000000	0.045900	0.000000	0.158600	0.121700	-0.000000	0.000000	-0.000000	-0.000000	-0.000000	0.000000	0.000000	0.000000	-0.196100	0.000000	-0.000000	0.000000	-0.000000	0.000000	-0.000000	-0.000000	0.000000	0.392300	-0.385100	-0.000000	0.000000	
0.000000	0.000000	0.000000	0.000000	-0.000000	0.000000	-0.000000	-0.000000	-0.000000	-0.000000	0.000000	0.000000	0.000000	-0.492300	0.000000	-0.000000	-0.169800	0.000000	-0.000000	0.089600	-0.000000	-0.000000	0.000000	-0.000000	-0.278700	0.000000	0.000000	0.000000	0.175800	-0.376400	0.000000	0.000000	0.000000	0.000000	-0.000000	0.000000	0.000000	-0.000000	0.000000	0.000000	0.000000	-0.000000	-0.000000	0.000000	-0.000000	0.000000	-0.000000	-0.000000	0.000000	-0.427200	0.000000	-0.000000	-0.000000	0.000000	0.287400	-0.000000	-0.000000	-0.000000	-0.000000	0.334200	-0.000000	0.000000	-0.000000	-0.079800	-0.000000	-0.000000	0.000000	0.000000	-0.000000	-0.000000	-0.000000	-0.000000	
-0.161400	-0.000000	0.000000	-0.000000	0.230100	0.000000	-0.472900	0.000000	0.000000	0.000000	-0.000000	0.267300	0.000000	0.383800	-0.422600	-0.000000	0.000000	-0.000000	-0.000000	0.000000	0.419000	0.000000	-0.328900	0.452000	0.000000	0.000000	-0.000000	0.000000	0.000000	0.224200	0.000000	0.000000	0.000000	-0.233000	0.000000	-0.000000	0.000000	0.062600	-0.000000	0.000000	-0.000000	-0.000000	0.000000	-0.000000	0.000000	-0.000000	0.199000	-0.000000	-0.333400	-0.314800	0.000000	0.000000	0.000000	0.376300	-0.000000	-0.000000	-0.000000	0.276100	-0.000000	-0.000000	-0.000000	0.000000	0.044600	0.000000	0.000000	-0.000000	-0.000000	0.184600	0.000000	-0.397300	0.370500	-0.000000	
-0.000000	0.000000	0.000000	0.000000	0.000000	-0.000000	0.000000	0.155800	-0.000000	-0.000000	-0.000000	0.000000	0.000000	-0.180400	0.000000	-0.000000	0.230800	0.137600	-0.000000	0.000000	0.318000	-0.000000	-0.000000	0.000000	-0.000000	-0.000000	0.000000	0.000000	-0.000000	-0.000000	-0.000000	-0.000000	-0.000000	0.000000	0.000000	0.000000	-0.109500	-0.000000	-0.440800	-0.000000	-0.000000	-0.000000	0.000000	-0.190500	-0.000000	-0.000000	-0.000000	-0.000000	0.000000	0.000000	0.000000	0.000000	-0.000000	0.000000	0.000000	-0.000000	0.000000	-0.000000	0.161500	0.000000	0.000000	0.000000	0.000000	-0.000000	0.369900	-0.000000	0.000000	0.000000	-0.000000	0.000000	0.000000	0.000000	
-0.000000	0.000000	-0.000000	0.000000	0.000000	0.000000	-0.000000	0.000000	-0.000000	0.000000	0.000000	0.000000	-0.000000	0.000000	-0.208100	0.070100	-0.000000	0.000000	-0.000000	0.000000	-0.000000	0.000000	0.000000	-0.350200	0.000000	-0.000000	0.180400	0.000000	-0.000000	0.000000	-0.000000	0.000000	-0.000000	-0.000000	0.000000	0.000000	0.000000	0.000000	-0.000000	-0.000000	-0.000000	0.000000	-0.000000	-0.252600	-0.000000	-0.000000	-0.000000	-0.000000	-0.000000	0.000000	0.000000	-0.000000	-0.431400	-0.000000	-0.000000	0.000000	0.000000	0.000000	-0.000000	-0.000000	-0.000000	0.000000	0.000000	0.000000	-0.000000	0.000000	-0.000000	0.000000	-0.000000	-0.000000	0.000000	-0.000000	
-0.000000	0.000000	-0.000000	-0.000000	-0.000000	0.000000	-0.000000	-0.000000	-0.000000	0.000000	-0.000000	-0.000000	-0.090400	0.000000	0.000000	-0.000000	-0.418100	-0.000000	-0.000000	-0.000000	-0.200000	-0.000000	-0.000000	-0.000000	0.000000	-0.000000	0.000000	-0.000000	-0.000000	-0.054400	-0.000000	-0.325000	0.493900	0.000000	-0.000000	0.000000	-0.000000	-0.000000	0.287000	-0.452500	-0.000000	-0.235000	0.278400	-0.000000	0.000000	-0.000000	-0.000000	-0.000000	-0.000000	-0.027400	-0.000000	-0.000000	0.000000	0.000000	-0.000000	-0.004300	0.000000	-0.324700	0.000000	-0.000000	-0.000000	0.000000	-0.000000	0.385100	0.396700	0.000000	0.000000	0.000000	0.000000	-0.159600	0.000000	-0.000000	
-0.000000	-0.000000	0.000000	-0.000000	-0.000000	-0.000000	0.000000	0.000000	0.000000	0.186900	-0.000000	-0.000000	-0.000000	-0.000000	0.075600	0.000000	0.000000	0.000000	0.000000	0.000000	0.077200	-0.000000	-0.000000	-0.000000	0.449500	0.000000	-0.000000	-0.000000	0.000000	-0.239500	-0.000000	-0.000000	0.000000	0.000000	-0.000000	-0.000000	-0.438600	0.000000	0.000000	0.000000	-0.000000	0.000000	0.000000	-0.000000	-0.444100	0.000000	0.000000	-0.000000	0.344500	-0.000000	0.000000	-0.000000	0.126400	-0.000000	0.000000	-0.000000	-0.000000	-0.038000	-0.000000	0.000000	0.222400	0.195900	-0.000000	-0.000000	-0.000000	0.000000	-0.424100	0.000000	-0.000000	-0.000000	0.000000	-0.000000	
0.000000	0.462700	-0.000000	0.000000	0.378100	-0.000000	0.000000	-0.142300	0.000000	0.000000	-0.000000	0.000000	0.425400	0.000000	-0.000000	0.000000	-0.000000	0.117000	0.000000	-0.000000	-0.000000	-0.000000	-0.469400	-0.250300	0.000000	-0.000000	-0.000000	-0.000000	-0.000000	0.005900	0.000000	-0.000000	-0.000000	0.000000	0.250400	-0.000000	0.000000	-0.000000	0.000000	0.000000	-0.390500	0.000000	0.235500	0.000000	-0.000000	-0.000000	0.000000	0.000000	-0.125400	0.000000	-0.278100	-0.000000	0.419300	-0.247600	0.000000	0.000000	0.000000	-0.000000	0.090400	-0.000000	0.461000	-0.380800	0.000000	-0.000000	-0.000000	-0.312100	-0.000000	0.000000	-0.000000	-0.000000	-0.000000	-0.000000	
0.000000	0.129700	0.000000	-0.121000	-0.000000	-0.306600	0.000000	0.000000	0.000000	0.000000	-0.000000	0.000000	0.000000	-0.000000	-0.000000	0.000000	0.000000	0.288300	-0.000000	-0.000000	0.407500	0.331600	0.000000	0.000000	0.000000	-0.000000	-0.000000	0.000000	0.000000	-0.308500	0.000000	-0.426500	0.000000	-0.158400	-0.000000	0.000000	-0.000000	-0.000000	0.000000	0.000000	0.000000	0.000000	-0.000000	-0.000000	0.481300	-0.000000	0.000000	-0.000000	-0.000000	0.000000	0.000000	0.000000	-0.000000	-0.000000	-0.000000	0.000000	0.000000	-0.237900	0.000000	0.001300	-0.000000	0.017800	0.000000	0.000000	-0.005500	0.000000	-0.000000	0.000000	-0.000000	0.000000	-0.000000	-0.000000	
-0.000000	-0.000000	-0.261800	0.000000	-0.000000	0.000000	-0.000000	0.000000	-0.000000	0.000000	-0.000000	-0.109200	0.000000	0.000000	-0.000000	0.000000	0.000000	0.000000	0.000000	0.000000	-0.000000	-0.000000	0.000900	-0.123900	0.000000	0.000000	0.000000	-0.000000	-0.000000	0.385000	0.000000	-0.028100	0.000000	0.000000	-0.000000	-0.000000	-0.000000	-0.000000	0.000000	-0.000000	0.479200	-0.000000	-0.000000	-0.000000	0.000000	0.259800	0.186900	0.267800	-0.000000	0.000000	-0.000000	-0.000000	0.000000	-0.000000	0.000000	0.000000	-0.000000	-0.000000	0.000000	-0.000000	0.442000	0.000000	0.144700	0.000000	0.000000	0.186600	0.026100	-0.000000	0.161800	-0.319300	0.000000	0.000000	
-0.000000	0.000000	0.143000	-0.000000	-0.000000	-0.000000	0.000000	-0.000000	-0.000000	-0.361800	0.347500	-0.000000	0.000000	-0.000000	0.000000	-0.000000	-0.000000	-0.474400	-0.039500	0.362800	0.000000	0.000000	-0.000000	-0.000000	-0.438000	0.000000	-0.000000	0.000000	-0.150500	0.000000	-0.135500	-0.000000	0.000000	-0.492600	-0.000000	0.000000	0.000000	0.386400	-0.000000	-0.000000	0.000000	0.000000	-0.000000	0.000000	0.000000	0.106500	-0.000000	0.000000	-0.000000	-0.000000	-0.000000	0.340000	-0.000000	-0.000000	0.000000	-0.000000	0.000500	0.000000	-0.027800	0.350000	0.000000	0.000000	0.000000	0.000000	-0.000000	-0.000000	0.000000	-0.000000	0.000000	0.000000	0.031700	-0.000000	
0.060400	-0.000000	-0.000000	-0.399100	0.000000	-0.000000	0.000000	0.267800	0.458700	0.021600	-0.000000	0.000000	-0.000000	0.000000	0.258400	0.000000	0.000000	0.000000	-0.000000	0.000000	0.000000	-0.000000	0.401300	0.000000	-0.000000	0.000000	0.000000	-0.453700	-0.000000	0.205200	-0.000000	0.000000	0.000000	-0.000000	-0.000000	-0.000000	0.000000	0.000000	0.000000	0.000000	0.000000	-0.000000	-0.000000	-0.000000	0.000000	0.000000	0.000000	-0.000000	0.000000	-0.153400	-0.301800	0.000000	0.266100	-0.400500	-0.000000	-0.000000	-0.000000	0.000000	-0.000000	-0.000000	0.000000	-0.300400	-0.000000	-0.000000	-0.000000	-0.353100	0.000000	0.000000	-0.000000	0.000000	-0.000000	-0.000000	
-0.000000	0.146800	-0.000000	-0.000000	-0.131600	-0.232700	-0.000000	0.000000	0.000000	-0.000000	0.000000	-0.000000	-0.000000	0.000000	0.000000	0.000000	0.306200	0.000000	0.000000	-0.000000	-0.000000	0.000000	-0.000000	0.000000	0.000000	0.000000	0.000000	-0.000000	-0.350300	0.373600	-0.000000	-0.053800	-0.000000	-0.000000	-0.000000	-0.000000	0.063200	-0.000000	0.000000	0.000000	-0.000000	-0.000000	-0.000000	0.056000	0.000000	-0.000000	0.467600	-0.000000	-0.000000	0.000000	-0.000000	0.000000	0.267000	0.000000	0.000000	-0.000000	-0.000000	0.000000	-0.243300	0.000000	0.000000	0.000000	-0.000000	0.000000	-0.000000	-0.000000	0.000000	-0.000000	-0.013400	-0.000000	-0.000000	0.000000	
-0.000000	0.000000	0.000000	-0.000000	-0.222900	-0.000000	-0.000000	-0.000000	0.000000	0.000000	0.371800	-0.000000	0.000000	0.091800	-0.000000	0.219400	0.000000	0.000000	0.000000	0.420600	0.000000	0.000000	-0.000000	-0.000000	0.000000	0.000000	0.000000	-0.294300	-0.000000	-0.412100	0.000000	-0.000000	-0.000000	0.000000	0.000000	0.000000	-0.000000	0.000000	0.000000	0.000000	0.000000	0.369000	-0.000000	0.000000	-0.000000	0.000000	0.000000	-0.000000	-0.000000	0.000000	0.288600	0.000000	0.078700	0.000000	0.138100	-0.000000	0.000000	0.126500	-0.000000	0.000000	0.000000	0.071000	-0.000000	-0.136200	0.015500	-0.000000	-0.000000	-0.000000	0.000000	0.000000	-0.000000	0.000000	
-0.073200	-0.000000	-0.000000	0.022700	0.000000	-0.000000	-0.000000	0.000000	-0.178600	-0.320700	-0.000000	0.000000	0.000000	0.000000	-0.000000	0.000000	-0.000000	0.000000	-0.000000	0.000000	0.000000	-0.459500	-0.000000	-0.000000	-0.157300	0.000000	-0.326400	0.362900	0.354400	-0.000000	-0.000000	-0.000000	-0.000000	-0.000000	-0.000000	0.241300	0.000000	0.000000	-0.000000	0.000000	0.144200	0.000000	-0.000000	-0.000000	-0.000000	0.000000	0.000000	0.000000	0.000000	0.000000	-0.000000	0.000000	0.000000	-0.000000	0.000000	0.000000	0.000000	0.000000	0.000000	-0.067000	0.000000	0.000000	0.000000	0.000000	-0.000000	-0.000000	-0.498100	0.000000	0.000000	0.000000	-0.000000	-0.000000	
0.000000	0.000000	-0.000000	0.000000	-0.000000	-0.000000	-0.000000	0.000000	0.000000	-0.000000	-0.000000	-0.000000	0.000000	0.000000	0.000000	0.000000	-0.000000	0.000000	0.000000	0.440200	-0.000000	0.000000	0.000000	-0.000000	0.000000	0.000000	0.056300	-0.140800	-0.000000	-0.000000	-0.000000	0.000000	0.379100	0.000000	0.000000	-0.000000	-0.000000	0.000000	0.000000	0.000000	-0.491300	0.271100	0.000000	0.000000	-0.000000	0.000000	0.000000	0.000000	0.000000	-0.000000	-0.000000	0.000000	-0.000000	-0.453100	0.000000	-0.000000	-0.000000	0.000000	-0.435500	-0.000000	-0.000000	0.000000	-0.000000	0.000000	-0.013500	-0.000000	0.000000	-0.000000	-0.000000	-0.000000	-0.000000	0.000000	
0.000000	0.000000	0.000000	-0.000000	-0.000000	0.000000	0.066800	0.000000	0.000000	0.000000	-0.165300	-0.408100	-0.000000	-0.000000	0.000000	0.000000	0.000000	-0.000000	0.000000	0.000000	-0.000000	-0.000000	-0.000000	0.074400	-0.000000	0.000000	-0.000000	0.000000	0.270700	0.000000	0.467300	-0.000000	-0.000000	0.000000	-0.000000	-0.240500	-0.000000	0.000000	0.443300	-0.000000	0.000000	0.000000	0.000000	-0.000000	0.451600	-0.000000	0.000000	0.000000	0.000000	0.000000	0.000000	0.000000	-0.000000	-0.000000	-0.000000	0.000000	0.000000	0.000000	-0.000000	-0.000000	-0.000000	0.000000	-0.000000	-0.089400	0.182200	-0.000000	0.000000	-0.000000	0.000000	-0.251500	0.000000	-0.000000	
-0.000000	0.000000	0.000000	0.000000	0.000000	0.000000	0.000000	-0.279300	0.000000	-0.000000	0.000000	0.000000	-0.000000	0.000000	-0.235300	0.000000	-0.000000	-0.103000	0.079800	0.000000	0.000000	0.156800	0.000000	-0.000000	0.000000	0.000000	-0.000000	-0.000000	-0.000000	0.000000	-0.000000	-0.000000	-0.439500	0.000000	-0.000000	0.000000	0.000000	0.000000	0.247900	0.000000	-0.000000	-0.000000	0.000000	-0.000000	-0.000000	-0.000000	0.000000	-0.000000	-0.000000	-0.000000	0.000000	0.000000	0.000000	0.000000	-0.000000	-0.000000	0.000000	0.000000	-0.000000	-0.115000	0.000000	-0.000000	-0.000000	-0.000000	0.000000	-0.000000	0.000000	-0.061400	-0.000000	0.000000	0.077500	0.000000	
0.000000	-0.000000	0.231600	-0.000000	-0.000000	-0.397800	0.000000	0.000000	-0.000000	-0.000000	0.000000	0.000000	0.398100	0.051600	0.000000	0.318300	-0.000000	0.000000	0.000000	0.000000	0.000000	-0.000000	0.000000	-0.000000	-0.000000	-0.000000	0.000000	0.000000	0.328300	-0.000000	-0.000000	-0.000000	-0.325300	-0.000000	0.082500	-0.129600	-0.000000	-0.151200	0.000000	-0.000000	0.042900	0.000000	-0.026300	-0.000000	-0.000000	-0.000000	0.000000	-0.000000	0.000000	-0.000000	-0.323500	-0.000000	-0.000000	0.000000	-0.000000	0.000000	0.388000	-0.000000	0.000000	0.216200	-0.000000	0.000000	0.324500	-0.000000	0.000000	-0.000000	-0.306700	0.000000	-0.000000	-0.000000	0.000000	0.068900	
0.000000	-0.000000	0.000000	-0.000000	0.423300	-0.000000	-0.000000	-0.000000	-0.322600	0.000000	-0.000000	0.000000	-0.000000	0.000000	0.000000	-0.000000	-0.000000	0.000000	0.004400	0.000000	0.000000	0.000000	0.000000	-0.258100	-0.000000	0.000000	0.000000	-0.000000	0.000000	-0.000000	0.000000	0.000000	0.067000	-0.000000	-0.423900	-0.000000	-0.000000	-0.000000	-0.000000	-0.000000	-0.000000	0.484700	0.033000	-0.000000	0.000000	-0.498000	0.005500	0.000000	-0.339500	0.145000	-0.000000	0.166100	-0.000000	-0.000000	0.000000	-0.000000	0.000000	0.000000	0.000000	0.000000	-0.000000	0.000000	-0.000000	-0.000000	0.000000	-0.000000	-0.000000	0.319500	-0.000000	0.000000	0.000000	0.000000	
0.000000	-0.000000	-0.000000	-0.000000	0.000000	-0.000000	0.000000	-0.000000	0.000000	0.000000	0.000000	-0.000000	0.392400	0.000000	-0.000000	-0.000000	0.000000	0.000000	-0.000000	0.000000	-0.307400	0.000000	0.000000	0.000000	-0.000000	-0.000000	-0.000000	-0.000000	-0.000000	-0.000000	-0.000000	-0.000000	0.000000	0.000000	-0.000000	0.000000	-0.000000	0.000000	0.329100	0.000000	-0.000000	-0.000000	0.000000	0.000000	-0.124900	0.000000	0.453100	-0.000000	-0.000000	-0.000000	0.000000	-0.000000	0.000000	-0.000000	0.391200	0.000000	-0.000000	-0.197600	0.085900	0.148900	-0.000000	-0.185000	0.230900	0.000000	-0.000000	0.043600	-0.000000	-0.000000	-0.401600	-0.000000	0.000000	-0.000000	
-0.000000	-0.000000	-0.117100	-0.000000	-0.000000	0.000000	0.000000	0.000000	-0.000000	-0.000000	0.258200	0.000000	-0.000000	0.000000	-0.000000	0.098000	0.000000	0.000000	-0.000000	0.487800	0.000000	0.000000	0.000000	0.000000	-0.343600	-0.085900	-0.000000	0.000000	-0.000000	-0.436800	-0.000000	-0.000000	-0.152500	0.000000	-0.000000	-0.000000	-0.000000	-0.000000	0.023100	-0.111500	0.000000	-0.000000	-0.488100	-0.205000	0.000000	0.000000	0.000000	0.017400	-0.000000	-0.000000	-0.000000	-0.000000	0.000000	0.000000	-0.000000	-0.000000	0.000000	0.000000	-0.000000	0.000000	0.000000	0.000000	-0.384200	0.000000	-0.409100	0.000000	0.000000	-0.000000	-0.000000	-0.000000	-0.000000	-0.000000	

-0.000000	-0.159600	
0.000000	-0.000000	
-0.000000	-0.000000	
-0.056000	-0.000000	
0.000000	-0.128100	
0.000000	0.000000	
0.000000	0.000000	
0.000000	0.236800	
0.000000	-0.000000	
-0.000000	0.436400	
-0.169600	0.000000	
0.402300	-0.000000	
0.000000	-0.000000	
-0.000000	0.000000	
-0.000000	-0.000000	
-0.000000	-0.000000	
-0.146200	0.000000	
0.000000	0.000000	
-0.431800	0.000000	
-0.470300	0.000000	
0.000000	-0.000000	
-0.000000	-0.000000	
0.000000	-0.000000	
0.488000	0.000000	
0.000000	0.000000	
-0.000000	0.000000	
-0.000000	-0.000000	
0.238600	0.000000	
0.000000	0.077700	
-0.000000	0.000000	
0.000000	-0.000000	
-0.000000	0.444800	
0.000000	-0.000000	
0.000000	-0.000000	
-0.000000	0.000000	
0.000000	-0.000000	
-0.021300	0.000000	
-0.169600	-0.000000	
-0.000000	0.000000	
-0.155500	-0.000000	
0.000000	0.000000	
0.000000	0.000000	
-0.000000	-0.000000	
-0.080600	-0.000000	
-0.000000	0.327600	
0.000000	0.000000	
0.000000	0.000000	
0.387800	-0.000000	
0.000000	-0.000000	
-0.000000	-0.000000	
-0.000000	-0.000000	
-0.000000	0.000000	
0.000000	0.149000	
0.000000	-0.000000	
-0.000000	-0.379600	
-0.000000	-0.000000	
0.000000	0.273300	
0.000000	0.000000	
0.000000	-0.000000	
0.000000	-0.000000	
0.000000	-0.000000	
0.000000	0.000000	
0.000000	-0.134500	
-0.000000	0.134200	
-0.000000	0.000000	
0.373700	0.000000	
0.000000	-0.000000	
0.000000	-0.000000	
-0.000000	-0.000000	
0.000000	0.213900	
-0.000000	0.000000	
-0.078600	0.000000	

## BIASES:
-0.000000	-0.000000	-0.000000	0.127100	-0.495500	-0.000000	0.000000	-0.000000	0.000000	0.000000	-0.000000	-0.000000	-0.000000	0.000000	-0.000000	-0.389500	0.000000	0.000000	0.000000	-0.000000	-0.000000	0.113700	0.314500	0.285400	0.287000	-0.063600	0.000000	0.000000	-0.000000	-0.000000	-0.000000	0.000000	-0.000000	0.000000	-0.000000	-0.000000	0.000000	0.000000	-0.000000	-0.480700	-0.000000	-0.000000	0.000000	-0.000000	-0.499800	-0.000000	-0.000000	-0.000000	0.000000	0.000000	0.074200	0.239700	0.000000	-0.000000	0.000000	-0.000000	-0.000000	-0.000000	-0.000000	0.176500	-0.000000	0.000000	0.000000	-0.000000	0.000000	-0.000000	0.000000	-0.441400	0.489600	-0.000000	-0.000000	-0.000000	

0.000000	-0.000000	

