36:2:20:2

## LAYERS:
-0.251000	0.503000	-0.239100	-0.200000	0.000000	0.000000	0.000000	0.000000	0.052824	0.049834	0.000000	0.000000	0.000000	0.000000	0.000000	0.000000	0.037708	0.036711	0.000000	0.016611	0.016844	0.017110	0.017342	0.029568	0.017841	0.018106	0.018339	0.025581	0.024618	0.018837	-0.134900	0.019336	0.019601	0.019834	0.020831	0.020332	

-0.477600	0.308400	0.250000	0.433100	-0.363500	0.255100	0.189200	0.194200	-0.325100	-0.131900	-0.488000	-0.188200	0.405600	-0.185000	-0.313000	0.311500	-0.180300	0.477500	0.476100	-0.219300	

-0.201200	-0.417900	-0.326800	0.241200	-0.483000	0.167100	0.236900	-0.212000	0.489400	-0.405100	0.210800	-0.485200	-0.491300	-0.445300	0.033900	-0.178800	-0.499800	0.089800	0.474500	0.416200	

0.391539	0.499096	

## WEIGHTS:
-0.131500	-0.400800	0.435200	-0.251400	-0.004200	0.267900	-0.482000	-0.126400	-0.310700	-0.162300	0.351300	-0.240800	-0.319900	0.404800	-0.215000	-0.071900	-0.272500	-0.386100	-0.000700	0.347300	
-0.277300	0.359400	-0.355700	0.154700	0.355700	-0.443000	0.091000	-0.348300	0.082300	0.494600	-0.077900	-0.177900	0.316400	0.294400	-0.318300	0.447300	0.326300	0.349000	-0.187300	-0.194500	
-0.019700	0.307300	0.219000	0.445000	0.100100	-0.200400	0.409400	0.074600	0.028000	0.282000	-0.442900	-0.362400	-0.183100	-0.207500	0.292200	0.298000	0.270100	-0.106300	0.158300	-0.234200	
0.448200	0.284100	-0.042400	0.182900	-0.495200	-0.408700	-0.182700	-0.015300	0.440200	-0.197000	-0.355500	0.087300	0.245400	0.251400	0.203800	-0.198200	0.186100	-0.142900	-0.014400	-0.484700	
-0.313300	0.224100	-0.347100	-0.454000	-0.399400	0.457700	0.052700	-0.004700	0.099300	-0.477400	-0.073100	-0.235700	0.061600	-0.313700	0.236400	0.410700	0.251700	0.127400	0.449300	-0.138900	
-0.436000	0.245600	0.027100	0.229300	-0.413300	0.425800	0.166200	-0.333800	-0.217200	0.423200	-0.216600	-0.132300	0.276700	0.475800	-0.365800	0.341800	0.414400	0.432200	-0.082200	-0.154500	
-0.307600	-0.146400	-0.275300	-0.439100	-0.076300	-0.219800	-0.034800	-0.082300	-0.064400	0.305000	0.046800	0.177600	0.050500	0.231200	-0.316100	-0.278800	-0.479300	-0.324600	-0.242600	-0.086500	
-0.008600	-0.481800	0.184800	-0.370100	-0.350800	0.360500	-0.061000	-0.239800	0.131600	-0.390700	-0.074700	-0.353900	-0.495000	0.370600	0.342200	-0.479600	-0.007600	-0.415900	-0.359800	-0.215600	
0.060300	-0.317100	0.239000	0.330400	-0.331200	0.058000	0.365800	0.268700	-0.340100	0.376100	0.067200	-0.413400	0.378600	-0.341800	-0.322700	0.162900	-0.277600	-0.177400	0.380300	0.188600	
0.039300	0.299000	0.398900	-0.320600	0.146400	-0.188100	-0.482600	-0.313300	-0.190900	-0.290500	-0.441700	0.248300	-0.100600	-0.322200	0.115100	-0.136600	0.093100	-0.440500	0.381900	-0.193900	
0.204700	-0.122900	-0.109700	-0.439600	-0.067500	0.063100	-0.059400	-0.240100	-0.415500	0.269600	0.425300	-0.014600	0.068600	0.147800	-0.355800	-0.285100	-0.157900	-0.349700	0.488800	-0.126900	
0.454200	-0.453000	0.179300	-0.390000	0.494800	-0.048900	-0.106100	-0.395300	0.189500	0.310000	-0.493100	0.118800	0.179400	0.217500	0.079200	-0.000700	0.073000	0.349200	-0.301600	-0.458500	
0.118800	-0.450100	-0.056900	0.322500	0.059900	-0.308500	0.400900	-0.384300	-0.116100	-0.227700	-0.238500	-0.290400	-0.410700	0.411700	0.402800	0.219200	0.404700	-0.024500	0.332900	0.493100	
-0.224000	-0.258800	0.396500	0.305300	0.338400	0.139600	0.370200	-0.094500	-0.152000	0.100500	-0.270000	0.101900	-0.382800	0.473700	0.325100	-0.081500	0.300300	-0.415500	0.079500	-0.358100	
0.163600	0.459000	-0.386500	-0.160500	-0.112300	0.059800	0.209900	0.087600	-0.243900	0.068000	0.140300	0.445700	0.063900	0.427100	0.043600	0.233700	-0.074100	-0.125500	-0.340200	-0.120900	
0.177900	0.073700	-0.307900	0.176400	-0.284600	-0.171400	-0.060700	-0.484400	-0.427300	-0.064900	-0.268500	0.151100	0.046300	0.254000	0.490500	0.434000	0.044000	-0.386700	-0.474300	-0.363900	
0.184800	-0.212300	-0.418200	0.260600	-0.373300	-0.247600	0.014900	-0.312200	-0.499900	0.015200	0.226800	0.100800	0.416400	-0.257200	0.098700	-0.259200	0.058900	-0.045700	0.282500	0.094900	
0.434800	0.289600	0.257000	-0.128500	-0.023400	-0.233900	-0.008900	-0.209300	0.018800	0.273400	0.488300	0.010800	-0.011000	0.119500	0.154800	0.234900	-0.130100	-0.038900	0.332400	-0.310400	
0.476200	0.379600	-0.480700	0.106900	-0.390200	-0.101700	-0.126200	0.480700	-0.319400	-0.365800	0.398700	0.147300	0.416000	-0.085100	0.257100	-0.397700	0.159000	-0.251900	-0.268900	-0.182100	
-0.053800	0.369100	0.393500	-0.125600	-0.487200	0.154000	-0.072000	0.446600	-0.465200	-0.239600	-0.057300	-0.244200	-0.408300	0.148200	0.467400	-0.375900	-0.314400	-0.332800	-0.395300	-0.498700	
-0.367600	-0.272400	-0.113000	0.243100	-0.247500	-0.330300	-0.343000	-0.269700	0.162500	-0.102800	0.022200	0.063900	-0.095500	-0.189800	0.175700	0.164200	0.174800	0.453000	-0.320200	-0.465500	
0.189300	0.248200	0.329100	0.481900	-0.019500	0.471800	-0.394100	0.493300	0.438200	0.157600	0.443500	0.388500	-0.277800	-0.175500	-0.025200	0.492200	0.327100	-0.424500	0.068700	0.446300	
-0.466500	-0.040400	0.298200	-0.073400	0.164100	-0.070600	-0.138000	-0.236600	0.454200	0.395100	0.397400	0.061900	0.191700	-0.272400	0.043700	0.258900	0.147700	-0.215200	0.131700	-0.265100	
-0.458000	0.294200	0.096700	0.487700	0.140600	-0.373100	0.479900	-0.168800	0.082300	0.095200	-0.361700	0.260600	0.307400	0.012500	0.116900	0.473900	0.468300	-0.293500	0.385500	0.173800	
0.204600	0.330100	-0.448400	-0.443200	-0.347600	0.279200	-0.361300	-0.223400	0.068900	0.029800	0.316400	-0.363100	-0.033500	0.471400	-0.047700	0.003900	0.343000	-0.067900	0.195900	-0.275900	
0.065100	0.334100	-0.108500	0.233800	0.405000	-0.468000	0.373500	-0.061300	0.098500	0.466200	-0.071500	-0.299800	-0.251800	0.042900	0.445800	-0.121100	-0.421600	0.077800	0.155400	0.242200	
0.379300	0.269700	-0.258000	-0.075800	0.237000	0.065200	-0.021400	-0.319600	0.261500	0.278300	-0.460400	0.221600	-0.329200	-0.427600	0.279000	-0.103700	0.302200	-0.104400	0.286200	-0.352400	
0.085800	-0.230400	-0.119800	-0.440700	0.388700	-0.404800	0.138000	0.092100	-0.127000	-0.305300	-0.495300	-0.448700	0.099600	0.102400	-0.169300	0.475700	0.445700	-0.159300	0.465600	0.287300	
0.362200	-0.025900	-0.251900	-0.435800	0.212700	0.108000	-0.121000	-0.219100	-0.496400	0.098300	-0.478900	0.419600	-0.403600	0.408400	0.440300	0.110100	0.203600	0.475100	0.337400	0.211700	
0.165100	0.198800	-0.243700	-0.240800	-0.141100	-0.038800	0.269800	0.426900	-0.063000	-0.118100	0.042700	-0.017200	-0.008800	-0.074100	0.336100	0.223500	-0.349000	-0.284900	-0.495700	0.253800	
-0.051500	-0.304800	-0.191500	-0.136200	-0.273200	-0.386600	0.105400	0.000900	0.395500	0.255100	0.389600	0.193300	0.058100	-0.011400	0.060600	-0.221400	-0.408800	0.041400	0.348600	-0.467700	
0.058400	0.116600	-0.255800	0.159400	-0.047800	-0.334100	-0.117200	0.445800	0.021800	-0.477800	0.235400	-0.440200	-0.068700	-0.345900	0.497900	-0.206800	-0.108400	0.110000	-0.033500	0.118800	
-0.374800	0.033900	0.274500	-0.162500	0.213100	-0.384400	0.458700	-0.370600	0.123700	-0.189800	0.296800	-0.290500	0.426800	0.063500	0.368800	0.056100	-0.227500	-0.314200	0.175900	-0.222900	
-0.479700	0.114500	0.201200	-0.048500	0.227900	-0.334000	0.248300	-0.224000	-0.286700	-0.052200	0.020400	-0.161500	-0.463100	-0.037700	-0.301500	-0.066200	-0.268400	0.066200	0.111400	0.279700	
0.189900	-0.065900	0.082700	0.293800	0.309800	-0.371700	0.485000	-0.224400	0.094900	-0.243100	-0.220400	0.423700	-0.380400	0.160000	0.201800	0.112400	-0.038900	-0.418400	0.097500	0.174300	
0.069000	-0.450200	-0.334400	-0.289800	0.081200	-0.198400	-0.097100	-0.250100	-0.190300	0.077700	0.119400	0.429200	0.410800	0.421600	-0.494800	0.070200	0.244100	-0.080100	0.094000	-0.082400	

-0.208600	-0.436400	-0.150600	-0.254800	0.222200	0.289300	0.139600	-0.327200	0.187100	0.328600	-0.449300	-0.229100	0.324800	-0.143100	0.087400	0.123100	0.055700	0.372000	0.129800	0.053800	
-0.251000	-0.166900	0.486800	0.220500	0.436700	0.016000	-0.327200	-0.482500	-0.138000	-0.135700	-0.431900	-0.211500	-0.129500	-0.076100	0.374900	0.335800	0.113400	-0.217400	0.268500	-0.382900	
0.181900	0.016100	0.263400	-0.188500	0.303600	0.314600	0.189900	-0.390300	-0.301100	-0.300500	-0.417700	-0.155300	0.289000	0.144700	0.417500	-0.357400	-0.470700	-0.198400	0.365100	0.074500	
0.455900	0.008900	-0.403100	-0.281000	0.067900	-0.472700	0.257700	-0.137300	0.246800	0.404100	-0.020300	0.081700	0.443400	0.173500	-0.117600	0.096200	0.333500	-0.265300	0.496400	-0.321800	
-0.344300	-0.385400	-0.342000	0.444600	-0.454700	-0.445000	-0.435600	0.485400	-0.487800	0.487000	0.348200	-0.141200	-0.196800	-0.455200	-0.126200	0.175400	-0.018400	-0.495500	-0.073700	-0.271700	
0.387600	-0.368900	0.352100	0.019600	-0.152600	-0.467900	0.225000	-0.097900	-0.233300	0.012600	0.439500	-0.304400	-0.332600	0.112800	-0.237100	0.141200	0.258700	-0.392100	0.367500	0.008200	
-0.029000	-0.206200	0.026900	0.382000	0.193100	0.146400	-0.430100	0.254800	-0.213900	0.142300	-0.296800	0.086000	-0.316600	-0.004900	0.132500	0.361500	-0.330700	-0.435500	-0.191300	0.003500	
0.077000	0.436200	-0.165800	-0.422500	-0.315900	-0.267800	-0.441700	0.238900	0.205900	0.480300	-0.332400	0.275500	0.366000	-0.271100	-0.196300	0.423000	0.091800	-0.399200	-0.421900	0.331000	
-0.468200	-0.482700	0.057500	-0.127000	0.029600	0.206200	0.158200	-0.426000	0.244800	-0.434100	-0.344500	-0.453900	-0.235800	-0.372400	-0.439800	0.059900	0.100400	0.328000	-0.353400	0.488300	
-0.470600	-0.372000	-0.412500	-0.480600	0.320700	-0.238900	-0.486100	-0.182500	0.150600	0.483400	0.163500	0.030200	-0.127900	-0.289300	0.038400	-0.150000	-0.297800	-0.092100	0.336200	-0.177500	
-0.189000	-0.395800	0.440400	0.351300	0.161900	-0.499500	0.270100	-0.390900	-0.450400	0.109100	0.420000	0.316100	-0.311100	0.142600	0.126900	0.323800	0.155500	-0.015600	-0.173900	0.183700	
0.445400	0.028200	0.048300	0.033500	-0.299800	-0.460600	0.393400	-0.422400	-0.215500	0.090700	-0.373300	-0.106900	-0.053400	-0.334700	0.498900	-0.460900	0.150500	-0.289200	-0.012100	0.200000	
-0.370200	-0.480700	0.285500	-0.118400	-0.214700	0.219200	0.463300	0.180800	-0.240300	-0.133400	0.494300	0.441600	-0.051300	0.195100	-0.300400	0.270200	-0.239200	0.499200	-0.017100	-0.310400	
-0.136100	0.317900	-0.444700	-0.229300	-0.032100	0.318000	-0.310800	-0.268300	-0.090900	-0.027200	-0.372500	0.159300	0.326300	-0.314000	0.138000	-0.313000	-0.201300	0.443600	-0.413500	-0.306500	
-0.220800	0.310400	-0.415200	0.374100	-0.459000	-0.073600	0.110200	0.446200	-0.074400	-0.407000	-0.061700	0.289400	0.394400	-0.309000	-0.265100	-0.127000	0.044700	-0.076000	-0.331800	0.201800	
0.236100	-0.242400	-0.219600	0.147400	-0.056500	0.058300	0.334400	0.035800	0.172000	0.122300	0.063700	0.462400	-0.294400	-0.429200	-0.475300	0.177600	0.270900	0.277300	0.123700	0.305400	
-0.066600	-0.105400	0.094700	-0.172300	-0.017500	0.400900	-0.174900	0.473400	0.023900	0.127900	-0.240600	0.395200	0.385400	0.086900	-0.267000	0.112400	-0.341700	0.295000	0.410600	-0.382900	
0.352400	-0.025800	-0.285200	-0.282500	-0.330600	0.173800	0.255400	-0.030900	0.365500	0.290200	-0.287100	-0.469200	0.069800	0.084400	0.387600	-0.447800	0.225300	-0.278200	0.083100	-0.291800	
0.354600	0.289700	-0.396700	-0.098400	-0.372900	-0.163800	-0.287600	-0.041500	0.014000	0.025500	-0.057800	0.072700	-0.123500	-0.368300	-0.446600	0.045800	-0.197000	0.111200	0.144600	-0.141400	
0.157800	-0.415300	0.192600	-0.339300	0.479700	-0.284700	-0.287200	0.488500	-0.089000	-0.042300	-0.275400	-0.361100	0.461900	0.362200	-0.406300	0.224100	0.461900	0.187200	0.317700	-0.180300	

0.050100	-0.079600	
0.305000	-0.357000	
0.436100	0.348600	
0.450400	0.123500	
-0.360400	-0.290300	
0.081700	-0.369900	
0.218500	0.434600	
-0.079500	-0.205100	
0.055600	0.020800	
-0.484800	0.361300	
-0.061200	-0.206400	
0.103200	-0.361000	
-0.484000	0.272200	
-0.422700	0.171700	
0.037800	-0.100200	
-0.204500	-0.070800	
0.035200	0.148700	
-0.338200	-0.414300	
-0.367600	-0.255100	
0.348500	0.167500	

## BIASES:
0.399000	0.394900	0.080900	0.043100	0.258000	-0.133800	0.253300	0.089300	0.399800	-0.186000	0.460400	-0.348500	0.185200	0.108300	0.455900	-0.129300	0.028100	-0.208400	-0.194600	0.229100	

0.085700	-0.033700	0.106400	-0.187500	0.147900	0.462400	-0.148700	-0.461600	-0.353400	-0.198300	0.310700	0.174900	-0.256300	-0.251400	0.338700	-0.102100	-0.427100	-0.448600	-0.093300	-0.465700	

0.197000	-0.069800	

